contig	contig_length	window	FR-Run	FR-Par	FR-Lez	CN-Lia	CN-Bei	FR-Cor	ES-Bar	DE-Jen	DE-Dos	JP-Tok	JP-Sap	CN-Shi	US-Wis	US-Wat	CN-Nin	US-Sok	US-Sdi	US-Nca	US-Haw	US-Col	BR-Pal	IT-Tre	US-CAOx	US-WIOr	JP-Hok	DE-Jen2	JP-Kan	FR-Lez2	IT-Tre2
NW_023496807.1	14656957	0	0.0053303407642934664	0.005767923970553156	0.005760065383722798	0.006565889937099138	0.0069373444728645485	0.0047167094710223335	0.005541509080255222	0.005841946415743003	0.005905927694747086	0.008009286015827075	0.007199148426446457	0.006625424789648448	0.006021947186495812	0.0067185514467182645	0.01172741450429042	0.006183036777598487	0.005264152252795642	0.006164944950380133	0.005568752214988185	0.00597089913843135	0.006056312849517378	0.005343714986249725	0.007662602060099289	0.007321424426515786	0.006976048049984648	0.006978468155715508	0.007519596012772921	0.006571140148503446	0.0053184357365679115
NW_023496807.1	14656957	1	0.00620815716548659	0.00667278746311849	0.006427652661871011	0.007915044475924119	0.008089234412400545	0.005278393158730977	0.006295065000413971	0.006868132983636687	0.006751042431584323	0.009103751264619408	0.008108586810257992	0.007904967022424499	0.006736098100704707	0.00755923739010927	0.012554244076043162	0.007139222714316782	0.0062642144917606874	0.006823143038080228	0.0066458205565655334	0.006851953010737488	0.006561512354249075	0.0060520414528371395	0.008339352097102598	0.007875919027196662	0.008142441575433803	0.007657128404427042	0.008374625897930081	0.00705472898242208	0.005880563273899113
NW_023496807.1	14656957	2	0.004991898675570044	0.0054578965747323184	0.005158456706634944	0.006342450963803649	0.006565264617370429	0.004464035280132827	0.005259716861625541	0.005685378460458686	0.005664751606480903	0.007493591586065421	0.006751826682479186	0.0063562205138773765	0.005519318366293953	0.006084738508137023	0.011626605272217599	0.005803524482926018	0.004964859106048982	0.005571141802986371	0.005801077941795652	0.00569213014487344	0.0052952283627229	0.005140204134251735	0.0069200976489115365	0.0068121473111892395	0.006590510188363638	0.00637919527833884	0.006795896758891607	0.005915260156483791	0.004963854014782434
NW_023496807.1	14656957	3	0.008134287593101383	0.008625407843115912	0.00851390500407516	0.00985540533232726	0.010241089580905435	0.00770837448337416	0.00836226899601587	0.008947907994115607	0.008978661043680294	0.011294343053960695	0.010255600153308184	0.00998453465811451	0.008674563043096516	0.00955648039677714	0.015133439730459946	0.009295320912433349	0.007857733385689753	0.00892388505313379	0.008490104669106218	0.008774323752145258	0.008315977802504915	0.0083364243426795	0.010329933312895072	0.009914527307253534	0.010218589706737922	0.009534853428802332	0.010409717657391392	0.008995997882076502	0.00805737241892272
NW_023496807.1	14656957	4	0.012955685143139951	0.0134769554392816	0.013408593340567546	0.01528100222578345	0.015409608411888367	0.012373838615237536	0.01328919212803209	0.01354948041957507	0.013714609834265343	0.01565270571344385	0.015115269831101638	0.015263933497350252	0.01345222918807825	0.0144207075277564	0.018129146571425187	0.013806518901344149	0.011825911731852467	0.013852110170076835	0.011966050114147003	0.013206799467397938	0.012734183227434583	0.01295264836664291	0.014956912136880952	0.01464788002929953	0.014969554648107645	0.014362169071588847	0.015459883396285791	0.013955505775757833	0.012728312856879871
NW_023496807.1	14656957	5	0.01786686602819002	0.018985012576442414	0.01870122284963469	0.021553270045125892	0.021376551753911805	0.016772702934275314	0.018189352990218777	0.019072869436020587	0.019162385077055106	0.02215818436598036	0.02144026107730141	0.021775485937846624	0.01881966745987841	0.020262907194406352	0.02477718991260829	0.019786262272812077	0.016761150913921375	0.019310116342602848	0.01706157967625688	0.018257627136040556	0.017888078924372372	0.017522215499501385	0.02078590405606891	0.020251453716656976	0.021684199968031517	0.01959023275877672	0.021660765793091775	0.01916730252730603	0.0173881927046197
NW_023496807.1	14656957	6	0.014170925953325093	0.014941977920705245	0.014785412185635506	0.017060017071962107	0.017096891399511833	0.013339708631199397	0.014444300861616443	0.015137922026571488	0.015088931694570954	0.01768233109848945	0.0169261923131429	0.01696157913289967	0.014988951344555619	0.015904003121130942	0.021321829131527647	0.015204969082657898	0.013369717044811581	0.015114713771459218	0.013892733727292515	0.01450856430382656	0.014184630346279568	0.013939360713376297	0.016452056432530053	0.01632329878693928	0.01691547623146202	0.015568176758277628	0.016982144852902187	0.015358976517589733	0.013726007016251334
NW_023496807.1	14656957	7	0.016817971920129363	0.018000303283545394	0.017811758052673623	0.02066760191986112	0.020742430498123122	0.0161474027028595	0.017400084990970847	0.01801601655636822	0.01802000603535545	0.02076965289940746	0.02013762434627193	0.02093209967828934	0.017808703798167316	0.018510935526279425	0.024020250690765414	0.018089811180041264	0.015880684570360907	0.018008029412143585	0.01654976977212639	0.016965176905680848	0.016668476932219997	0.016996550641598468	0.019497261165415763	0.01903621524119678	0.020061715003853377	0.018457459741209613	0.02034242936978802	0.018306168442451712	0.016625145632778452
NW_023496807.1	14656957	8	0.017922328490875144	0.018699642854185565	0.018501879101534276	0.021538540759183603	0.021779353955791423	0.017366177556372358	0.018413245091467745	0.018550860267268543	0.01901537126336268	0.022310868845566455	0.021720593592268977	0.021664925346265844	0.018426434889084898	0.019800642197719844	0.024909637032851963	0.01945946043239642	0.016058599432106344	0.018894765209830962	0.017004323889567168	0.017293874293487447	0.01756860160362089	0.017675668055900817	0.020310263773245747	0.019783919537276057	0.021578365112844156	0.01947479017526827	0.021954447930922064	0.01903140013333198	0.016871445922395225
NW_023496807.1	14656957	9	0.018017166510432035	0.01927449661420607	0.019030827234749855	0.02204412675833861	0.02215150975861181	0.017715928224405507	0.01855025876797254	0.019159289417586853	0.0197007136471394	0.022666763645679697	0.02192254475218877	0.022228589484467945	0.019269663705327466	0.02021814799835936	0.025094200190496706	0.01930987959044515	0.016735466202231528	0.0197058884770542	0.017182427271140433	0.01866604295965205	0.018261328136415463	0.017657291772545887	0.02085047071022223	0.020618845074253492	0.022041440280612206	0.019651832443909285	0.022145068490913616	0.01980711814648985	0.017187792465468477
NW_023496807.1	14656957	10	0.019676054274488007	0.020851600710488784	0.020708303922147217	0.023458038633938902	0.02353721988088699	0.019473748107139144	0.020211180045472874	0.020614600918011313	0.02110091105811479	0.024053501967665678	0.023452002332096027	0.023874784601752772	0.020493274669852665	0.021636598895816175	0.026398291089380136	0.021124445274481134	0.017821743444728096	0.02085435405034917	0.01897177488801595	0.019677501091123067	0.019050601096923858	0.019198360177519823	0.02217805783834451	0.021911488497166547	0.023280834007954	0.021288921431068628	0.02359950855156414	0.021241067746507424	0.018687026672706473
NW_023496807.1	14656957	11	0.01778751087011193	0.01883320468280717	0.018425963135916303	0.021221097880173415	0.021124182692323887	0.01744786330349905	0.01876948528341415	0.01857576160476084	0.01921213165206397	0.021928725594158403	0.021643086033793	0.02179331071020263	0.018722914710740435	0.02005240483395165	0.02454352543012235	0.01967278761188742	0.016688196089917142	0.019075727554412416	0.01756409272492398	0.018383647893533844	0.017397788108006917	0.017688593247402722	0.019353868526242567	0.019760349112417294	0.021438589104877493	0.01931557336509315	0.02175787104322205	0.01891466109852604	0.017421788137975156
NW_023496807.1	14656957	12	0.017586628312250482	0.01863475640334102	0.018246191239983243	0.020640767173491028	0.020646828743661732	0.017422861898268863	0.018143111521085477	0.01864039532153622	0.01876403313682109	0.02118346571445255	0.02061166485296626	0.020835031212087123	0.018444687957912837	0.019014967701432118	0.024656328878183358	0.018315873255224383	0.017043729876375452	0.018843717883726015	0.01694731117246194	0.01803934610245917	0.01627793572161329	0.017275909380969973	0.01956672331741385	0.019973441493840498	0.020640368167367987	0.019424542771475702	0.020753958598002577	0.019041855548769377	0.016771689643597175
NW_023496807.1	14656957	13	0.018431538600489822	0.01949045063365757	0.0189134363923425	0.021812303060925683	0.021567232337789614	0.018196291141275737	0.019017863036368637	0.01947664784576882	0.019535888607032568	0.02232957596953831	0.021524821246941654	0.02184595021322467	0.019296222147300698	0.020395585811829153	0.02520202583800859	0.01985892825387212	0.018123236841384883	0.019701655915047182	0.017966475979671645	0.01899712437002118	0.017629443248204354	0.017926120287341914	0.02062216641245983	0.02078630919515408	0.02165557218590016	0.02024738100029862	0.021779760448446754	0.01972458494814026	0.01776721469292643
NW_023496807.1	14656957	14	0.020206829307535756	0.02186135281019288	0.02138918689247809	0.02425873234436029	0.024573139051385112	0.020170391751488034	0.020747919336299662	0.022032714699554125	0.021883741052556954	0.024941622210773954	0.02420341832693698	0.02457686735328258	0.02155605039954393	0.022687821522115712	0.026737648341882126	0.021937896958977295	0.019906447178921233	0.0221002776297413	0.020442288624832095	0.020610567436859437	0.01953318292081664	0.02016088771855096	0.022943884321838536	0.022847390530521216	0.024509294446879784	0.02240565206512001	0.02457604117478041	0.022080275978359386	0.02013468771728647
NW_023496807.1	14656957	15	0.019391584039176832	0.020797911353243832	0.020494941510237355	0.022983455103888852	0.022970526464814317	0.01961290232293861	0.019864399678865965	0.021114335890715045	0.02103517801577239	0.023659412983940635	0.023080430258657726	0.023258758016997963	0.020333511499339485	0.02185236245898645	0.025984790147942027	0.020779466370525197	0.019203880649655773	0.020595108663545303	0.019318869666186407	0.020015941863691374	0.018938923686112732	0.019407087860456237	0.021637663584756748	0.021594639520997345	0.0230543407764382	0.02178933072210448	0.02313337529770113	0.021295652880032035	0.019230462200053474
NW_023496807.1	14656957	16	0.019794204954752162	0.021224917533995986	0.020915425985568323	0.023536726080408056	0.02349454461182635	0.02004283970794523	0.020496945629292548	0.021509025860030884	0.021189873467130166	0.023927446657989127	0.02336237495564232	0.023476472197433068	0.020732589393373045	0.021852200919062825	0.02727077863902807	0.02037487728068886	0.019460690764820453	0.02092338722021401	0.019187142695748286	0.020479336347615083	0.019599642829211734	0.019783728203103007	0.02191021993033713	0.021898887417322085	0.023402166447713705	0.022024321787451586	0.023397781663938823	0.02149538625322192	0.01984526377782747
NW_023496807.1	14656957	17	0.020957473838689396	0.02269401659884789	0.022207110350391364	0.024965147604200856	0.02475617938264187	0.02126534581671408	0.021653919940446232	0.02289177570374872	0.022547296705740922	0.025291477850489595	0.02458314689836786	0.024782708918168066	0.02166379691566966	0.02308922030924443	0.02763309085432547	0.021690811654275815	0.02030478434117409	0.022039942555607282	0.020097814364410844	0.021483613956980212	0.018634465444324955	0.020890493840031246	0.022986155509348717	0.02298007589532471	0.024732746726231842	0.02358313584619405	0.024727879835566943	0.022665719201106438	0.021151912196079148
NW_023496807.1	14656957	18	0.02071012256349423	0.02269682913434156	0.02216783772244869	0.02460719293915249	0.0244040262649728	0.021070568846986316	0.02121482698670187	0.022710154662137796	0.02222024085277264	0.025302342706809772	0.02443242744845146	0.024504081547993346	0.021768140153886898	0.022824920702626168	0.027475150062330683	0.021881347033627298	0.020481465996638363	0.022238121343390076	0.019979001434378106	0.021761619406618367	0.018829749744889945	0.020730605792381698	0.022792995285670938	0.022999052059169054	0.024617551248225688	0.023161560285230264	0.02474894979079588	0.022833757028591705	0.02073731369746801
NW_023496807.1	14656957	19	0.020388557028703503	0.02256043568774791	0.021870586526792354	0.02484318292697261	0.024744794066885737	0.020881787928658687	0.021481235625924112	0.022366998972671172	0.02208446557948758	0.02502483006028854	0.024674737822347498	0.024863887600578064	0.022316133095841795	0.022866658432689174	0.02798356885344422	0.0212983701813823	0.020695194296814556	0.02273774216113225	0.01956218738814757	0.02196816734951142	0.018909809540577714	0.020937660114907625	0.023402455553707773	0.023505505702753223	0.024406688383316673	0.023076651228895975	0.024856055847862414	0.02277351286584519	0.02094287358765969
NW_023496807.1	14656957	20	0.01989981297260195	0.021989063081872186	0.02116457089684355	0.023887764421880228	0.023817956088653794	0.01995477664450903	0.02064857627155989	0.02169118047725503	0.021672533744823714	0.024500271092149757	0.023846390339554685	0.02430096176921124	0.0215695215693037	0.02276779720080713	0.027502541587517974	0.021418738977114462	0.020625721115385364	0.021886131342198824	0.019830499416717114	0.021542176129592062	0.019015583384196386	0.02040286160903207	0.022457866995224552	0.022871835240813838	0.023711093688443593	0.022360271459666813	0.0239648985468672	0.021765520154339607	0.020105781947585385
NW_023496807.1	14656957	21	0.01837062569744474	0.021604959940341742	0.020971887726847337	0.024011671832539286	0.024126706336164625	0.01932035040643391	0.020201111649765457	0.021496812432863676	0.021311060224417436	0.023718559273350766	0.022425400969572216	0.024159698273718562	0.021361784670463204	0.02228104852443231	0.026913058986980754	0.02077164512059203	0.019699498336413577	0.02116636901777885	0.018747839794634565	0.021371091382380688	0.018662164865081855	0.01984042233224687	0.022268113563785552	0.02235055173568832	0.02306301226262559	0.02217432445153973	0.023323234944553094	0.021618601518272277	0.019510346352840272
NW_023496807.1	14656957	22	0.017513627252553295	0.019974648187853546	0.01927926071589925	0.022060370595276126	0.022090724123926417	0.018392142791911138	0.0186472561928077	0.019749994926416423	0.019605415398148206	0.02177773635936953	0.02132941469212929	0.021948097735233242	0.01967971069507971	0.02042283150474188	0.02505726061658372	0.01888756229218104	0.01839819124980357	0.019592043901431513	0.018132150900299203	0.019768347938289646	0.017312282250441305	0.018577275775517932	0.02048805280038023	0.021012203431051587	0.021242549947442766	0.020724089120196274	0.02144255707270489	0.019809414335520508	0.018233334635711394
NW_023496807.1	14656957	23	0.020305137808451074	0.02293716788481443	0.022401428596813787	0.025744317009249097	0.02598657620957368	0.021021898123689372	0.021842206552902827	0.023201563988762212	0.02289833912665196	0.026261831387184634	0.0254943185852032	0.025745554018896513	0.022885322714153333	0.02344586710690244	0.02862956198567565	0.022431072572068476	0.020898077915378604	0.02302899682793766	0.02053686105693703	0.022970179581397406	0.020475876275943133	0.021537909499600265	0.023408239976746376	0.024242362612164114	0.025715602111798887	0.02374958634728748	0.025549569614443348	0.023181021467431274	0.021170350339469353
NW_023496807.1	14656957	24	0.0223743746362004	0.02492408102372571	0.024038696548662652	0.02780134768436299	0.028045970448500105	0.022714800770018407	0.02290670002245387	0.02474114767637423	0.023909291166120374	0.0284097002162992	0.02786712139055128	0.027956167462271496	0.025674669956806333	0.025548244058965237	0.03089524853418759	0.02472541223748792	0.023940366799354285	0.02581101976496406	0.022566148268002347	0.025428516179081106	0.02354176690044809	0.023014819758143516	0.025752045456188994	0.026728695017392667	0.027940128167328018	0.024951935684931714	0.027844686769525985	0.024540373759570706	0.022733269588144034
NW_023496807.1	14656957	25	0.01737725172464481	0.01989150559083311	0.019365328153765404	0.022343508636608514	0.02234262806376366	0.018540227591157827	0.018468977173243	0.020041959527320043	0.01933527368527932	0.022883618082233676	0.022103119167064984	0.02221178227121282	0.020411400416407866	0.020452383597140196	0.02542062702827125	0.019756391043403997	0.01900581842556691	0.02064437094496341	0.01831058523351348	0.020008415798376124	0.018059517675745075	0.019036097406587682	0.020637781848157455	0.02135654285199466	0.02222141339036857	0.02023941360288584	0.022279742266815086	0.019786120167989165	0.0188358195036908
NW_023496807.1	14656957	26	0.020640320022468777	0.022971860651851184	0.0219242331466187	0.025787200742693764	0.025994698089173308	0.02106404058568312	0.021550224338403094	0.02316233726965161	0.02226707922091828	0.026142861590263525	0.025457644943159795	0.025960239222391365	0.023413950591119947	0.023660137444088448	0.0284455111351426	0.022981100327758464	0.021605258207042788	0.023440854807053085	0.020351823137591957	0.022802233070792186	0.02108290932291495	0.021632633715339612	0.023832011343696297	0.024313998307718434	0.02542378261464592	0.0235135422706878	0.025628773603503744	0.022496589224195968	0.021631643616084825
NW_023496807.1	14656957	27	0.020792858859778347	0.021866171973852714	0.02106257259026744	0.024364335560446967	0.02431571961015096	0.019695109939933796	0.020748896083794616	0.022063533217472255	0.021478820638715267	0.025013077291198737	0.024390024833958412	0.024406185232189546	0.02239897868554965	0.02298256677075469	0.02783865142288594	0.022506740204325235	0.020341050887067183	0.02258108408198188	0.020522450450108233	0.022225312984575706	0.02027175289370101	0.020724186955889817	0.02318687594053037	0.023484542501557452	0.024594035863162875	0.02241082537402431	0.024540059203239015	0.021744385437618776	0.020662574977110163
NW_023496807.1	14656957	28	0.021829873998180704	0.02286508155165676	0.022096647523138325	0.02563587652756894	0.025847837671679388	0.020775050379743313	0.021336898154620428	0.02303017527840181	0.022150629317087327	0.026318223636089412	0.025584415539817065	0.0259678870131396	0.023356851889850597	0.02432876211989615	0.02886914667580741	0.023791192928365623	0.02106297351116798	0.02365116703461004	0.02154648177136119	0.023201537418683617	0.02213367407541963	0.021377675453701964	0.02382922615608409	0.024200970472365455	0.025505831051777648	0.023666153421431455	0.025808558496423193	0.022628952390287876	0.021421523420549038
NW_023496807.1	14656957	29	0.019321744874872294	0.01994909094498832	0.019380729354323153	0.022997640536820338	0.02308235611984954	0.018487520564495128	0.019056777612523255	0.020324926954845012	0.019932717901589757	0.023542946919714394	0.022864195072168355	0.02311630152655604	0.020823922603258178	0.021503469945278096	0.026117536507038224	0.021234547823360764	0.018238747682458763	0.021142244514321302	0.019069942676840018	0.020779208339103086	0.019959059965167048	0.019433226029619766	0.0213894920092205	0.02176089188760893	0.023149734366096426	0.02051573334814072	0.02303611854900684	0.02021820253555123	0.01924316103857247
NW_023496807.1	14656957	30	0.020101162557334507	0.021199915678756294	0.02058533275930524	0.023755955752486596	0.024022824857656038	0.019037505893881077	0.019997833162275467	0.021265224384868563	0.021006214074875556	0.023818832585217206	0.022813954938832613	0.02378767365217637	0.021101002456303874	0.0221621469784442	0.026832761197844376	0.021904838386593312	0.018213300370138533	0.020919978755625	0.019078097321268483	0.0208948541315551	0.020563304912519485	0.02035449171885358	0.021778671426815135	0.02195727933527621	0.02336884585321852	0.021412566607152482	0.02323794908590612	0.021547778663127324	0.020103927037968813
NW_023496807.1	14656957	31	0.01944992118500123	0.020750414345844514	0.020131992100258067	0.023546510334527836	0.023803156556182974	0.01833295293968299	0.019705121254084104	0.020512873798887752	0.020409957731896404	0.023173733972833413	0.021475489906795753	0.023801943638034617	0.02068702912268851	0.02173163207593207	0.027723235286233782	0.020449241630252905	0.01827807014979706	0.020446400320420905	0.018203870974444477	0.02057468787518465	0.020947977899575292	0.0200776464678082	0.021606548767351037	0.021512232435424827	0.022334707034089074	0.020983233800876615	0.022444956840088355	0.02103928883832095	0.019520297746658557
NW_023496807.1	14656957	32	0.01913650736325957	0.019780544091546004	0.019154533201277586	0.022402459525375947	0.022402660723149788	0.01752190652730537	0.019104421145910266	0.019730325618876752	0.01974750103618991	0.022554990566117015	0.021933645636391674	0.02244846695556009	0.0200315646428326	0.02087150617191963	0.026942247740002322	0.020397347019682197	0.018602582387082366	0.01976004779244561	0.017531986856736785	0.019980120847019854	0.020182742068191453	0.019068867269320996	0.021182016647981604	0.02075728424565214	0.02197241197029794	0.020244761621726805	0.022205946017050747	0.019980869876818456	0.018634849826142483
NW_023496807.1	14656957	33	0.02252299449144593	0.023863507662839803	0.0232969515315913	0.027022542969101032	0.02697334020858803	0.02159324644968789	0.02280142800676063	0.023737599977014287	0.023570245035090677	0.02622743655911618	0.0256044297088153	0.026847700883944964	0.023799766672650435	0.0246656738039967	0.029777384652919386	0.02389432807238591	0.021546554146613096	0.023360458437438173	0.01925062112047235	0.023900806005897376	0.023972333966393127	0.02269955697201752	0.024357282113804033	0.024543905210077963	0.025789278369166682	0.02402615217678191	0.025581708443846458	0.02430787413163093	0.022718147550039435
NW_023496807.1	14656957	34	0.019397708185039293	0.020472399382031815	0.019960472312361418	0.022964963624144765	0.02315231079083232	0.018629906865886746	0.01928217071851351	0.020264994950939474	0.0203315259997129	0.022806832638379067	0.021679082491357606	0.023178701994435617	0.020534159839084926	0.02092450863683849	0.02569888993935086	0.02048432344652458	0.01937279398922216	0.0202841910645805	0.01873719546793476	0.020495797145214677	0.02057893276803872	0.019655850299152122	0.021327184482484052	0.021476495320186997	0.022166516043724986	0.02098695930278783	0.022301621935413882	0.020733299563704788	0.020024158465718464
NW_023496807.1	14656957	35	0.021381034557253705	0.022490703613849514	0.022075388186319708	0.02455855013958509	0.024918433862603555	0.020557690946636613	0.021311501979873537	0.022020385097482695	0.02214283385157548	0.02484697690761702	0.02406500282465911	0.024633565334230847	0.022863699545055943	0.023543930011993532	0.02737091726873642	0.02285086900348864	0.020962993186320847	0.022336539379922027	0.020375637843700816	0.022635254755221035	0.022414488314185525	0.021968399002232773	0.022990135222428668	0.023351148788732845	0.024314461983915226	0.02314601078840824	0.02441464661266598	0.02288847784993384	0.02201347494533152
NW_023496807.1	14656957	36	0.020138491736109643	0.021714718011311477	0.021223258359592337	0.023673684033898187	0.02384303695693997	0.020311191430962588	0.020697418186226085	0.02161402158689453	0.021321124031939812	0.02346006213279981	0.022370259125897227	0.023670162656001238	0.02190773582962996	0.022175771220214194	0.027374769796185753	0.0208126788550429	0.020175283889438865	0.02154744030784398	0.019495957009234642	0.02181071779823149	0.021851524348337054	0.02104976399007031	0.021985064524280656	0.02259410683987961	0.022488357574830968	0.022283487866572423	0.022617501323340644	0.021899429495055047	0.02089276199431111
NW_023496807.1	14656957	37	0.021937405376445743	0.023766331326989753	0.023413537578466523	0.02529137292901982	0.025588809622898022	0.02262535088603898	0.022720482041836878	0.02344731236085753	0.02317204371759836	0.02497249980192916	0.02351493117114735	0.025694897841535995	0.023493189403302063	0.023567070193445772	0.02895823107224398	0.021962021076797816	0.021448706912815522	0.02298155973610003	0.021088080751414214	0.02341477031631836	0.023219382634235605	0.022906026233861235	0.023887265921086	0.023988300362120733	0.023888022401850784	0.024315290618224843	0.024066744234297523	0.024274340789088727	0.02300869858672974
NW_023496807.1	14656957	38	0.022394961317430382	0.02377525136314112	0.023586650909881133	0.02567833160350537	0.025824380641442064	0.023061754830427154	0.022975485986977566	0.02353983254125815	0.023289784495936806	0.02156214261541823	0.01741955819572131	0.025862913169799447	0.022384580716158137	0.02297081330435541	0.029000061712052595	0.01890061803064319	0.02077323608651206	0.02171566660583135	0.01954381130775011	0.02259381143946243	0.022518302498003993	0.023212389535645563	0.02322229876964653	0.022794900177791726	0.01970776089063237	0.02446513471408399	0.020069593432777443	0.024465182439755356	0.02339278951805566
NW_023496807.1	14656957	39	0.024497460243688485	0.02553095589918872	0.02549792900948382	0.02763912030512901	0.02792313847438339	0.024795457263663903	0.02444695413253596	0.025412332121008106	0.02517766114518163	0.02636373568260859	0.02413731480971282	0.02795017376009414	0.025334210056925367	0.026022784919405514	0.031081951991134022	0.023298062952187268	0.023233582760758025	0.02495020765258524	0.023001383662856485	0.025217768621812176	0.024838241861378837	0.024654828898744523	0.025930758765193303	0.02604097738128915	0.025277002794899587	0.02660835300848079	0.025513443052893315	0.026096147468629174	0.024839901388959317
NW_023496807.1	14656957	40	0.02247051673482982	0.023549673441560698	0.023367272084633108	0.025275853150553043	0.02531295016260098	0.022362874786571514	0.02238053988724065	0.023342726297425988	0.0231635868987778	0.024079831965720833	0.02228683443578152	0.025545613221823266	0.02294077743953958	0.023512890764844536	0.0278883162425548	0.021035475064863446	0.021578330278173127	0.022668007527086177	0.020579542945120776	0.023036258870449536	0.022766466313653876	0.022435805854821755	0.023617174047066015	0.02393459663354674	0.023241260730081176	0.024047231665081683	0.023475770812102906	0.02402273868306272	0.022803969691426035
NW_023496807.1	14656957	41	0.025817445591994413	0.02701289686009945	0.02683672542014891	0.02885713286945383	0.028882771466810897	0.025920935969495896	0.02562360430646843	0.026701283436833423	0.02651743809490241	0.028113035768141174	0.026415892907346604	0.029011401364072407	0.026566609805990987	0.02725196275733782	0.03237041747806779	0.02524459853219331	0.024820432697865328	0.026165197889495114	0.02445512388607038	0.02641733446403472	0.025707016250617085	0.025727712597089666	0.0269704070162811	0.027293493156948696	0.027063505198923397	0.02728349354010789	0.027649418830187445	0.027356203935626763	0.026246801389360766
NW_023496807.1	14656957	42	0.026215159401653282	0.027757787613695198	0.027502397686755647	0.030212426733182002	0.030107097687475284	0.026136124750692682	0.02620208415182666	0.027422039116808714	0.027120309316530998	0.028639987739017773	0.026530328829099375	0.03010919311636992	0.027337087525560265	0.028219147330022662	0.03255601796351719	0.026321011940126027	0.025731324679065526	0.026901005301177422	0.025145899578812015	0.027376164219222728	0.027088031494220424	0.026176409106304713	0.02741527680488812	0.02826137271494089	0.027568463194546058	0.027624035223173832	0.027719452841751632	0.027868412231980288	0.02690011765604526
NW_023496807.1	14656957	43	0.025084607573519047	0.026765984383733774	0.026439595620659735	0.028604293197448682	0.0284401501357334	0.02492660905945017	0.025084206381636255	0.0263353344887105	0.026207007393329325	0.02695610946023732	0.02393016068465863	0.028643347426258	0.025475278725362913	0.026016947116136	0.03128762726452122	0.02382285962304614	0.024034579131866813	0.025375400341005445	0.023033296797800733	0.025506525327268856	0.025209320829264196	0.025316850860761398	0.025442461603980386	0.026382157642500535	0.025798583268637855	0.02686913950294319	0.025948805207542922	0.026810355437612815	0.025735557315283784
NW_023496807.1	14656957	44	0.024123326604812565	0.025789759374950635	0.0251231883072117	0.027672255601647888	0.027718131134467545	0.024110741199448327	0.024364655134473844	0.025641619722118078	0.025214791468166357	0.0264384974587462	0.024455872842012373	0.027501880452394923	0.025190785628442146	0.025689695917657282	0.030635463308031425	0.023670514894586166	0.023205687891125152	0.02480119182357525	0.022774388237619226	0.025663580766529966	0.024844140068020486	0.024318827292496806	0.025714835418539826	0.02625389339396156	0.025773994723667402	0.025973385160654706	0.025871400615951997	0.026117188096980378	0.02515798630453467
NW_023496807.1	14656957	45	0.022499789181662656	0.02522272240494748	0.024915197721004388	0.027314974252637313	0.02733866016154345	0.02353740140741023	0.02337328605275044	0.024948735088939862	0.02453837533504015	0.02625207318711263	0.024725842093924873	0.02748704677065515	0.024588598633770633	0.02511727496321229	0.02971981318489465	0.02324789642947032	0.023138133912701624	0.0244633796270483	0.023379703314769393	0.024988769071565164	0.023694308038208465	0.02388824226390764	0.024821632926806697	0.02567571263284348	0.025735316374253855	0.025542950373505412	0.02576017539010866	0.025176417665607263	0.024632016267197673
NW_023496807.1	14656957	46	0.01970818391128787	0.021899752540016318	0.02136865130102523	0.023680455343789136	0.02382856587879148	0.020162141836588803	0.02024910699351969	0.02145480201505013	0.021686062371133005	0.022516160714596344	0.020335948554550766	0.024105667080070763	0.021443623654407103	0.021662145158800557	0.02711773452311499	0.01904364226209469	0.019745195725047734	0.021232704731582026	0.01961090822563131	0.021677037480057643	0.019909323996181873	0.020809188999503837	0.021808591403702712	0.02248299153522136	0.021369556763754627	0.02214307546070747	0.021579102192694634	0.022130646864602137	0.020944784402741688
NW_023496807.1	14656957	47	0.01952082060970575	0.02221060183593295	0.02171222297110907	0.02390335293913278	0.024056877799427785	0.020247393537373953	0.02069553524038235	0.021988627491623638	0.021696680729384167	0.02319588902484591	0.020662965655595052	0.02418430679637777	0.021812878871886925	0.021869745560026452	0.027470786193052144	0.019079000160349868	0.018926662603723752	0.021737310813553373	0.0196228376896831	0.02241539371442135	0.0210505395597357	0.021116338916685296	0.022080357444971912	0.02242587616625829	0.02184718196062371	0.022547108470911566	0.022003156378786887	0.022229117767212026	0.021242879433082482
NW_023496807.1	14656957	48	0.02227500295521802	0.02536461071194185	0.024620159604850714	0.026663695681689862	0.02676408955850618	0.023194721239674386	0.023293561344152308	0.024951941054981542	0.024636338175918242	0.025870511304815748	0.024369907744833656	0.02685988677639924	0.024362441672229063	0.025042510210947534	0.030642591361651917	0.022177813839204315	0.02203038350569865	0.02442473942369174	0.022311025900832455	0.024892201376412567	0.023877144095749217	0.02424155847546235	0.025261619164251677	0.025038071994020535	0.025113983399662462	0.025739362862960757	0.025301517459236932	0.025315932373311797	0.024266998082415128
NW_023496807.1	14656957	49	0.014454136176860984	0.016244110623766985	0.016115158342047235	0.0177888922291062	0.017803583948232053	0.015087009140570108	0.014374667623126943	0.0163156300828543	0.01599651071106166	0.01732260385013714	0.01649126579286767	0.017789731171084924	0.01606276153793009	0.016197888211786242	0.02005921228812914	0.014377786401413791	0.014579185882702322	0.01606262393373885	0.0143754792150707	0.016356314197728778	0.015385958758264609	0.01598396435112808	0.01648915376252115	0.017002001300739828	0.016840256794619764	0.017046658869868378	0.017120177584096955	0.01639794730398191	0.015681854041100587
NW_023496807.1	14656957	50	0.017864027919474588	0.02030650339965379	0.019882927642806327	0.022124091489840784	0.02241663379112968	0.01890542529089661	0.018296504600903922	0.020429114864121283	0.01992335502153438	0.020881475121348237	0.018359816856522715	0.02217593595054548	0.019934211378471588	0.020174439215393043	0.02534417655615627	0.01789839687793827	0.017460477295331376	0.019873047911091398	0.01798325413327295	0.020455354679670155	0.019792816991005872	0.0196724183810206	0.02045255879762898	0.020791088590235547	0.019701169884659437	0.020874689295721404	0.01970522041374535	0.020553582357025812	0.019431663717422804
NW_023496807.1	14656957	51	0.018805461766894807	0.02125551121754788	0.02071965270131966	0.02303065645850662	0.023148407004580377	0.01952055150320875	0.0188576297246471	0.021261635467439203	0.020728114722989598	0.021487503884308767	0.01924894209824554	0.023119364923483158	0.020608841841977876	0.020605139802348887	0.02741118335726156	0.017874155192790942	0.018061582361893015	0.020619918799725863	0.018054289260804997	0.021103203146044636	0.020608507049732126	0.020303220110943147	0.02108380344169936	0.02128942371789047	0.02035381528841307	0.021694389185553338	0.020495721104825188	0.02129844026765494	0.01963466016643453
NW_023496807.1	14656957	52	0.020502357073926353	0.02304003771412338	0.02242377727515258	0.02472156639528158	0.024492745712259668	0.02134224373870705	0.020209742524728583	0.02264028236300615	0.022525002081632394	0.022105033793251447	0.01968814902311486	0.02475406670974572	0.021701234919371114	0.022295042202834334	0.028154121065086846	0.01934297007956022	0.02045314891333457	0.021739019603792806	0.019936459123159302	0.0226725406142201	0.02242790112290182	0.022223372301351803	0.02285607260367623	0.022145598951708333	0.02102012415622671	0.023344899788181602	0.02122371407122808	0.022994799098198928	0.021847707889039242
NW_023496807.1	14656957	53	0.021262986641226393	0.02349654640538445	0.023072518502527083	0.025638867222396097	0.025467440539807266	0.02184107955722524	0.02095803168297442	0.02341866431331573	0.022948849343690302	0.024748870619757304	0.022840401871927814	0.0255383483905191	0.023121488562110392	0.023343774988620163	0.028188268707657976	0.021490735896936952	0.02112939972576698	0.02318950069752842	0.021333776503566392	0.023669432624917375	0.023224195887556552	0.022620338796874067	0.023392582158214707	0.023708443638025312	0.023762886321187685	0.02390882418650617	0.023982923254794654	0.023568961750100748	0.02218800617203911
NW_023496807.1	14656957	54	0.01983157948745966	0.021541062887987922	0.02115517680971488	0.02295068730522628	0.02309301152916489	0.020435141542254884	0.019106530253391808	0.021486927565697245	0.020859388804437242	0.022550152987633215	0.020355033079355673	0.023201714846991902	0.02126198902713563	0.02117308778998486	0.02741105570301474	0.019211100134195733	0.01998275319180763	0.021206760902530104	0.019613568103803967	0.02165536249781232	0.020752456106399562	0.02098401793643977	0.02173998681575324	0.021721157129693507	0.021336859469926337	0.022055927343963656	0.021535532826819567	0.021757410392133737	0.020485456654272184
NW_023496807.1	14656957	55	0.0225157977760762	0.02350870002147199	0.02339282050681609	0.025854238336120303	0.02582127019047128	0.021790173032365384	0.020825722607428983	0.023583726195438783	0.022888950526827167	0.022852541362623064	0.02022522463157948	0.025810104462727374	0.022898176501700573	0.023019705180000558	0.028562016290244595	0.018824472513122446	0.02243560739765852	0.022517864857521136	0.020806976157061896	0.023685389522456878	0.023153210245552076	0.022764297531579433	0.023730059387219546	0.02325915235082849	0.02171328714228224	0.024143139074535903	0.02202394900834906	0.023993338762120096	0.02236290992335687
NW_023496807.1	14656957	56	0.01768615689709538	0.018197259220698245	0.018083177012633095	0.01984298686265597	0.01994845246842563	0.01703169356420888	0.016233099535255924	0.01843868083169981	0.01759607584918477	0.018840986884009717	0.01712155408922154	0.019846328611035684	0.01798081761502677	0.018116670704275164	0.02261936691034662	0.016370667256506367	0.017019637700089907	0.01806458811983023	0.01664181979666682	0.018431955455360617	0.017608172599983797	0.01781814560792121	0.017866100919960947	0.018635762230801566	0.018009135962621874	0.01889988936104822	0.018183153404562873	0.018499935844326916	0.01745619243978521
NW_023496807.1	14656957	57	0.01976723638498469	0.020219863683139227	0.020042817322370742	0.022269895431725428	0.02236410200855119	0.01919685704280302	0.017723799903536862	0.020424557786399337	0.019536120551370096	0.021215077089740856	0.019230349873534926	0.022489394172896676	0.01971401944148103	0.020086724364942975	0.025340768775686202	0.01866394887622424	0.018934532789512206	0.01955090051406858	0.017845675418373275	0.019967114507806076	0.019152402430651787	0.01959106471214252	0.019525495627173244	0.020463470882647033	0.020397086278054147	0.02119856459421427	0.020419509593537728	0.020897906302373082	0.019146544455837775
NW_023496807.1	14656957	58	0.020997472808536827	0.023299992799100975	0.023519212388091605	0.026137072654554477	0.02612552739352462	0.02261656359524974	0.020432910340679483	0.02367533780444422	0.022854541269656713	0.02511520816879164	0.023299885214950702	0.02625210272468668	0.022893449459418028	0.023407505700243702	0.028937084396242676	0.021818665886856294	0.021537196084807756	0.022802978211720202	0.020399789893101716	0.022940677188256597	0.021304389037172463	0.022862227575550675	0.02110214754544813	0.02369408310283988	0.02431960176589172	0.024268116006293087	0.024377349597840377	0.023755035925562534	0.022585882137531987
NW_023496807.1	14656957	59	0.019788259807469684	0.022204668403987833	0.022095442121310368	0.024302567008751143	0.02439431377220016	0.02082452706529378	0.01979932904270188	0.022217402713137758	0.021502514204196282	0.0234702954121229	0.02246848441056122	0.024280828964303707	0.02209643257920959	0.02296134323614175	0.026549708971135903	0.021420759254387998	0.020838489694125686	0.021823324505257462	0.019929187675596823	0.021856876965717257	0.020852291020618006	0.02122448262003875	0.01986169395701928	0.023032710516932738	0.022975913481279173	0.023041959498112625	0.023245153470545264	0.022346106637288032	0.020815958244119557
NW_023496807.1	14656957	60	0.020965514343234015	0.0233149651240983	0.02330195100705079	0.025622985746287335	0.02573672052742325	0.022475323101563454	0.021548628371074297	0.023595277568753938	0.022684171670029875	0.02379501122991046	0.021918552847556894	0.02574734258547934	0.021879663427558014	0.022924264006094625	0.02820629844660021	0.021608735900800653	0.02156553536552045	0.020960184570203103	0.020407663909143232	0.021309280537647038	0.01996508700139593	0.022642796235403703	0.01935854203792058	0.02279408307000314	0.023000190332036458	0.024105862758055648	0.0232144092538705	0.02381090037322279	0.022521074729186682
NW_023496807.1	14656957	61	0.018813091733249254	0.02099855322040727	0.020862068666791658	0.022813140527516818	0.02306509644203985	0.019937836299010376	0.01896301191153006	0.021108099735755666	0.020413780418468672	0.022372711058710505	0.02088136487487439	0.023050924881793333	0.020656578637646632	0.02069458302184175	0.02675350693514328	0.019728098097694886	0.01979717489064599	0.020383258703345664	0.01874644380298713	0.020554003953993302	0.019583676271844968	0.02022094266301228	0.016916623142674503	0.021219514501869288	0.021648763284647033	0.021626952885658156	0.021682270264966965	0.021205360487762122	0.01987029636820132
NW_023496807.1	14656957	62	0.02007152504992848	0.022351474209109084	0.022189015736270034	0.02460181113357133	0.02493126108024261	0.021037066051446448	0.02009653940354688	0.022304994887163566	0.02133202495070791	0.024067111778841035	0.022725537316892017	0.024832239969714343	0.022943222053707656	0.022230752187019368	0.027597412435433913	0.021102510501597966	0.021253878626301292	0.022408135693751944	0.02066606661275089	0.02313945385687397	0.022436253539947555	0.021351112045529735	0.018143999638224224	0.023551595341712413	0.023409002682234444	0.023095308283811	0.023580484528159515	0.022839868621508164	0.02109619686269124
NW_023496807.1	14656957	63	0.018973036713738376	0.021321170780697445	0.021094853984662078	0.023533549005526986	0.02371347949588546	0.020062990742250694	0.01935800479454588	0.02162284948502384	0.02081865936418792	0.02249707468396923	0.020725432949314455	0.02380776705302781	0.021650130675117712	0.02084303446378136	0.02750402178155414	0.01903981941317357	0.019944403740297413	0.02138725840121554	0.01861164529934629	0.021725398293820388	0.021074847981329498	0.020695161401132877	0.01703063861447307	0.02224287843295555	0.021581756379919034	0.021983203631963856	0.02165174067828881	0.021828940898773585	0.01991574844605672
NW_023496807.1	14656957	64	0.023526889943013992	0.025418357917384952	0.025276300022567394	0.028120274947037095	0.028420235495744656	0.02455646589855122	0.02317745049976064	0.0254660571477187	0.02467774966280867	0.027519948212148822	0.025366385214484182	0.02836402442374784	0.026452998585602544	0.025930037684492202	0.03152061745095185	0.024508260140856157	0.024779879490933618	0.02606364042856586	0.02333909773410963	0.026147336540939262	0.025380127323624237	0.024614427324231462	0.021307982200223737	0.027040793999168675	0.02642420732262601	0.026347217195035008	0.02673507748823823	0.026027963224607993	0.024413515105423576
NW_023496807.1	14656957	65	0.020902377305640433	0.02300246616682675	0.022711137637173646	0.024759055427872618	0.024805834251198696	0.022113273881933033	0.020765873185984836	0.0227745126916807	0.02266084553991397	0.024280538129842374	0.022650588436918286	0.025036200601092348	0.022785063964789076	0.02252938360354308	0.02793215226795339	0.021734163526243834	0.021657909959966682	0.022484969949096604	0.02038946755928924	0.022497727291578947	0.022287940107113647	0.022342287423185253	0.019278054512071242	0.023547100503693373	0.023662441112153314	0.023699396051619477	0.023787537370749748	0.02339282531804511	0.022055590509370174
NW_023496807.1	14656957	66	0.018723082941727417	0.019889903302529075	0.019651601145385833	0.02195837994016863	0.022157687528062943	0.019356137881842175	0.018380786928877357	0.020033131139767693	0.01956818790504541	0.021863700739170874	0.02063178695028425	0.022146224819933648	0.01974626830459576	0.01978988641759924	0.0250280032925471	0.019184760074329447	0.018580966739341443	0.019675243653172286	0.018540708693960743	0.019642838915926848	0.019267088151237136	0.019536166106015388	0.018008242205747805	0.02047736585398394	0.02118696949738248	0.020795492567918655	0.021374346451984827	0.020465029894836093	0.019284986671115948
NW_023496807.1	14656957	67	0.02012175131069952	0.021587180532961225	0.021211521985378328	0.02320864912936344	0.02350757650648219	0.02117143423752269	0.02064579570050392	0.021565488871158812	0.02110116917286573	0.022079722591966458	0.020301178398821437	0.023355373409220653	0.020512410411263175	0.02070250763003105	0.026366022989323144	0.018958907575222353	0.019482091272997024	0.02027352501184481	0.019318713553994726	0.02057496685286137	0.019632407970706083	0.02135427565956509	0.019912736717545787	0.021168315658996295	0.021253505438138004	0.022271183589271437	0.02143105166164354	0.021757383421055355	0.021199218218940455
NW_023496807.1	14656957	68	0.019871572013733647	0.020916596095404708	0.021085741826118155	0.02247014859980709	0.02256096959455741	0.02054016695232454	0.02037091502404197	0.020974808858881155	0.02097359017853808	0.021633131302961038	0.019933208553919612	0.02252951360855182	0.019769335182005205	0.01936548219181178	0.02592838827910281	0.01791081756523824	0.017571586905479112	0.019217262503715284	0.01790180402040147	0.01979541895715997	0.018201414086803213	0.020962594394023856	0.01896764465941601	0.02026560746397479	0.02041328780482389	0.021711303360424303	0.02063740335575942	0.02133642006196636	0.020907522515756304
NW_023496807.1	14656957	69	0.0207388153802305	0.02172883483451413	0.021784025859408713	0.023541626499568077	0.02358069450726098	0.0212696252098977	0.0210498761334663	0.021529977211691264	0.02151661594786892	0.020810836457014602	0.018021702002414264	0.02368654807115106	0.020139558914528885	0.02010128586550414	0.025642628633534163	0.01749590262217594	0.019092762030633093	0.01980945621936635	0.01845740333071278	0.02043620286699257	0.019400211673233567	0.021740262332198262	0.020184314934046366	0.020804867148410268	0.019847626446611075	0.022973600377633477	0.019928757077439335	0.0219929143303539	0.021783402342932502
NW_023496807.1	14656957	70	0.01970061286970651	0.021130790814761533	0.02099737980673341	0.02247720509514149	0.02269871067031873	0.020705094956343012	0.020566360988483454	0.021107770244306708	0.021198274823001663	0.02118309756059824	0.019489284592481868	0.022704318426630718	0.019675639107897703	0.020162806466233044	0.025364263702082737	0.01875524369087696	0.018697692268189247	0.01940849152954024	0.018390237276318264	0.01996805855568073	0.018852859314839966	0.02087037415922997	0.019808416634753502	0.020397420725864424	0.020307076077728962	0.021764271498561964	0.02028052902157562	0.021242964356654653	0.020962232245208646
NW_023496807.1	14656957	71	0.021221098982790672	0.02256973508747477	0.022153862027532972	0.023660673603833938	0.023565494402982026	0.02162050843847461	0.021452674498218638	0.022182813025210243	0.022165495903263475	0.02170992616891131	0.01902748755948692	0.023702838397455957	0.02047526034328006	0.021077032202207056	0.026580542561676503	0.019386071238158567	0.0194364496849131	0.020312954481279098	0.019210772622615616	0.02042818225754832	0.01986169635070929	0.021988119120047722	0.020674105934272255	0.021077346283166806	0.02071013609978152	0.02320691452836011	0.020794007480873834	0.022485514327548136	0.022106405717895957
NW_023496807.1	14656957	72	0.020067219216021084	0.021627360073074288	0.02131756571153086	0.023065792042322265	0.023294614666286042	0.020822834250021363	0.020636912152577323	0.021544250887654656	0.021240549641052316	0.02285460801507804	0.0211835211944786	0.023240520654510727	0.020613293219184897	0.021366782756215577	0.026221494542153743	0.02009119169084917	0.018788160083519297	0.020323416013145506	0.019157187127185147	0.020394453728569427	0.019666748970144206	0.021104197216290435	0.020130825256838104	0.02133349127709302	0.021772960771338095	0.02226039292022383	0.021898179847957562	0.021639285121222044	0.021159454648418244
NW_023496807.1	14656957	73	0.01790059201061806	0.01900843153495955	0.018865591523588646	0.020869388139296216	0.02083617020742494	0.018451731027814798	0.018552223662877877	0.01892982857021005	0.01877747059942416	0.019180071309578123	0.017078588866653848	0.020573189366683526	0.017655628337279027	0.01817271365314286	0.023698529667474585	0.016512331310573777	0.016331539439443432	0.01757533101646449	0.01657385205292498	0.017585077174826023	0.016849733677156642	0.018466138646838607	0.017484131029881493	0.018564028607013953	0.018172525701822047	0.01978107423722998	0.01842623069302038	0.019148201374353177	0.018421989491611765
NW_023496807.1	14656957	74	0.01888456750476255	0.020520265501776297	0.020045597153125615	0.02209875839214495	0.02206741778685843	0.019791744685101677	0.019784967935902315	0.020012816328412064	0.01962758711749506	0.020986748641752918	0.01925754685033522	0.022204935247533628	0.0192877325181661	0.02013899382972893	0.025582516610040393	0.01838542131324841	0.018464937786199807	0.019380980810743333	0.017662400441888104	0.019501774592440436	0.01864842028332127	0.019621219636588968	0.019494825367729524	0.020205024484215288	0.01987584645464508	0.02107051400973776	0.020142773959551656	0.02067046804770444	0.01945992340465465
NW_023496807.1	14656957	75	0.0205564515591924	0.022660203932527923	0.022285790891252266	0.024279402547232223	0.02443457497824501	0.0220741354014554	0.021996177875059624	0.022447811575737716	0.021843923623828077	0.022648706550119493	0.021271402991875875	0.024476340800013697	0.020794519812043537	0.02163437399179179	0.027366038956818196	0.01988385896767569	0.01951926796440776	0.020702581563303648	0.019381474370795015	0.02066879176005272	0.020016312255392354	0.02178631542169081	0.020917149051374054	0.021606850123437774	0.02166412550422938	0.02312025186546174	0.02197251390141854	0.022645908595059612	0.021656190688568236
NW_023496807.1	14656957	76	0.02402948239860871	0.02572408905691061	0.02540408804121128	0.02783915360797642	0.027890053307781076	0.02466747350547403	0.024795947155708487	0.02554402846274475	0.024706865706855763	0.026766988796862026	0.02469847085396294	0.02838058272172475	0.024198478515434593	0.02538481043560007	0.031455870735965244	0.023094997485873726	0.023207981232879864	0.024315365316714854	0.023955044070091833	0.024366081932195676	0.023279136140504135	0.024390670435503678	0.023312267675913347	0.025330185387961685	0.025791317232747742	0.026479797006351467	0.02590490405748085	0.025999344988266115	0.024428104040947536
NW_023496807.1	14656957	77	0.02392769274691491	0.025458513061340275	0.02518269241874184	0.02796997319415184	0.027925561043489013	0.0248138425217703	0.02432557977275655	0.025494203504357445	0.02462706391406664	0.02483432794077885	0.021999075889846138	0.028017256725511974	0.02384885024617297	0.024868638585356977	0.031036097017038335	0.02174950924605366	0.024039767365856623	0.023718272001332967	0.022856210178833013	0.0239306575870532	0.02311990167793659	0.024177961587334654	0.023744372370636684	0.024706025277331484	0.023343307090251977	0.026445513916288896	0.02371288842856161	0.025630201419709085	0.02442059514859627
NW_023496807.1	14656957	78	0.022525763515624554	0.02349425050743101	0.023063393386907202	0.02591890456321741	0.026042099141215656	0.02269281666357433	0.02273169862081033	0.023563493445881274	0.0227920881729585	0.024603079826200625	0.022455854014471012	0.02599356602087615	0.0221261738710319	0.023358951524827323	0.028936448444384665	0.02184364102538149	0.022154450202362418	0.021984627993286925	0.02140610125797508	0.022243616548883113	0.021251485558210947	0.02244690440286127	0.02179965132057973	0.023182901675158584	0.023714362921314056	0.02470118069963541	0.02384183694099992	0.023559497631687656	0.022365806281548134
NW_023496807.1	14656957	79	0.021951626889599972	0.0231741758201314	0.022472110634052224	0.025477387917397412	0.025223862291923648	0.022275679517686598	0.02196257291041829	0.02335824507555947	0.022526883631113832	0.023442414962942585	0.021455048560737836	0.02552710182327423	0.022370468199950335	0.022821137003174837	0.029132988282190388	0.020940251859061516	0.022162748871861766	0.02198558599738936	0.020665539299710378	0.022476436677194674	0.021597339550685858	0.022254955374342637	0.021488170054293168	0.02307180490601247	0.022479524656791317	0.023888709451846256	0.022643928942204718	0.023564069590460538	0.022179901001074295
NW_023496807.1	14656957	80	0.019945446246778065	0.02130309531834028	0.020663865030096894	0.02391802215876363	0.024153951170191316	0.020529484579638053	0.020044004943796028	0.02154297372455597	0.02098081119383021	0.023819094905646872	0.022922255297481382	0.02407532417357961	0.020975201081989105	0.02197968002687196	0.02629403473108765	0.020672135238278738	0.020835056884278527	0.020723887488077623	0.02034855359784381	0.02109927360843651	0.02018669233196307	0.02062278377809843	0.02063214819408916	0.021729941726693666	0.02308772995563802	0.02235491700313673	0.0231597398617318	0.021580529773978605	0.020557216155129843
NW_023496807.1	14656957	81	0.023085370781560477	0.02477274251202824	0.023984760713085647	0.026976143048489477	0.027167723108002924	0.023978637641426187	0.02343071134582032	0.02506396573189316	0.02438550680356653	0.02658339286715575	0.024885434339098275	0.026943490540448853	0.024034723159936336	0.02491473871437535	0.03132039627514747	0.02371329996509822	0.02371961544272102	0.023922862752834423	0.02317066024512653	0.024139729590734606	0.02330974466560066	0.02426113320185761	0.02360047999182553	0.025158125344908463	0.025375474470838707	0.025685180401082176	0.02559623883741245	0.02538572223372832	0.02403303603972084
NW_023496807.1	14656957	82	0.019377375192897613	0.0205201803967095	0.019864023332065543	0.022938334783354903	0.023056285189158462	0.020079105422249582	0.019451703986786355	0.020813561626492623	0.020198738491102094	0.022260708957494515	0.020670113652294035	0.022941067706943343	0.020080506959067455	0.020814866685876152	0.025855526325748963	0.019925353649253658	0.019675515615470533	0.019807085684387684	0.018894003900017803	0.020341061092542616	0.01929415866793569	0.020113497093910828	0.020144854106222444	0.02094993224981628	0.021342541398741307	0.021528127152346307	0.021516209873651847	0.021325003632533025	0.020259128295751855
NW_023496808.1	9130409	0	0.01676362470091674	0.019629982083521243	0.018877498805956426	0.022105744914241048	0.02226893339998494	0.01925882621313664	0.018242312850559994	0.019872048298252575	0.01908850874844955	0.02021441974558741	0.019420217842254995	0.022566858241883172	0.01827172351420301	0.01918172447194309	0.02468129376635163	0.017489830566280513	0.01776293168873868	0.01835959625801974	0.017909264154381137	0.01821874684806095	0.01766200163477764	0.01917025519359302	0.018209114274572127	0.019107540180114523	0.019579927940531653	0.020374591366081368	0.019858692697999614	0.020152357582903832	0.019008061684183165
NW_023496808.1	9130409	1	0.017972245548136305	0.019979865440708733	0.019190089176650868	0.022308287912909466	0.022426957549975684	0.01927480290398633	0.01846871803348294	0.020102387588320135	0.0194344388792502	0.0216323025850603	0.020925598160513897	0.022500510701142458	0.019147324449934736	0.020172230168869227	0.024940580256336126	0.018665303697353537	0.0190095911801206	0.018928410076861347	0.0181412506229909	0.019086601993179637	0.01846007973542428	0.019301925064424137	0.018842908472749716	0.019796714376961986	0.021180949456149394	0.020857164101209656	0.021472766812954458	0.02045505794013033	0.019187293024811525
NW_023496808.1	9130409	2	0.016636269561859162	0.01822471773985517	0.01746935286302431	0.02045054722290674	0.020688834831245763	0.01770838804542842	0.017039021372646235	0.01836706124496732	0.017541587917292326	0.019659781447766114	0.018648738397786226	0.020753695722602737	0.017708491160707673	0.018157079981381163	0.0230812250081519	0.01692843420882391	0.017304738290010252	0.017271080922464148	0.01672215040257912	0.017613306303087092	0.01663816646995934	0.01777148980020651	0.016545876971268053	0.01839845118536227	0.019076915965827123	0.019126033614088593	0.019265411386935254	0.018597475815989525	0.017497933277359008
NW_023496808.1	9130409	3	0.019352005189806225	0.020956030203390468	0.02036819388922042	0.023375088138747873	0.02334473459702904	0.020324608263283545	0.019679965396611453	0.021225897587745436	0.020297311746867015	0.02252680873146655	0.021413692178591393	0.023341334522930482	0.0206514849654297	0.020939608895136266	0.026255757639450008	0.01945058346412273	0.019389337845521975	0.02030082966281808	0.019276444641776077	0.02057839784192426	0.019487860981993704	0.020344106713409194	0.019461556616845798	0.021621012494032643	0.021923395505969792	0.021823881418312915	0.022111940778844805	0.021324279111552928	0.02019739917316901
NW_023496808.1	9130409	4	0.02116591383946397	0.02248903027867658	0.022504938928069762	0.024511432874731454	0.02431080739270298	0.02196865599243514	0.02192486303496975	0.02269571881295073	0.02220304844311373	0.02358287995288532	0.02154552604711763	0.024459319320594457	0.022100774036287595	0.021718816020825652	0.02751123087281151	0.019862855902291948	0.0201465536770909	0.021895612608838204	0.0201883634677967	0.022233987502360976	0.021353973248245443	0.022177805279232164	0.021699081840063448	0.022918317936936387	0.02240469717947069	0.023297532897877636	0.022785098566023038	0.022957121131163796	0.022295157569934453
NW_023496808.1	9130409	5	0.018272059674596008	0.01935337661699061	0.01921095326956315	0.020731136638197374	0.020928270802087354	0.01897993583344623	0.018868009383267614	0.019235770833598013	0.01913018455338623	0.01918560671933993	0.017454651532088514	0.02071295621345545	0.01805483105703465	0.018883008675558293	0.023804959646856118	0.017128370577521555	0.017612451170853978	0.018047423749256372	0.017495143261901026	0.018208706153366082	0.017903439602886963	0.019303263708964066	0.0188329831500567	0.019024459415863285	0.01850054324315501	0.020239590482949186	0.01875957637892719	0.01961613211296434	0.019120614058068565
NW_023496808.1	9130409	6	0.01979464119799825	0.020696835831872384	0.0208299758142738	0.02196130701955543	0.02226518469773509	0.020419610873094476	0.020492977770098328	0.021014071357903282	0.020628105888510728	0.020830571720697563	0.019462877013940703	0.022224642473063414	0.01988752996875618	0.020377423357313927	0.024866604200102237	0.0184293631573198	0.01916540725572446	0.01965870469801495	0.01853850997292738	0.01979666896728088	0.01944328585906705	0.021035976515609556	0.02044624899217316	0.02057446266839773	0.020023609803418194	0.02162574014516452	0.02039027494495637	0.021159997270615242	0.020811812769752892
NW_023496808.1	9130409	7	0.018979859739903977	0.020335865847938655	0.020331125089119533	0.02146420377633434	0.021629184561423733	0.0199092830505251	0.019773770088506816	0.020317560462169353	0.02031961097849165	0.02109963564103799	0.020215224200820465	0.021664728049930717	0.019522300178348658	0.01942756871040333	0.023708270064277552	0.01839512398677363	0.018253477776137544	0.019266528826068035	0.018197692215590595	0.019417317743682026	0.01863978605696822	0.02050075618636325	0.01976200385823776	0.020254352739614824	0.02057157843633138	0.02108007699734647	0.02061183738753664	0.020567185760436573	0.020411631191067342
NW_023496808.1	9130409	8	0.01931393826876783	0.02073511490569823	0.020515722251313494	0.022287244597288116	0.022154376978290244	0.020103061459441705	0.020157602185270712	0.020799919221509224	0.02045786563837302	0.02121272540404513	0.019877476576972853	0.022191604627473643	0.020129736040116745	0.019842920297284527	0.02438368018579072	0.018479081681846615	0.018693503581592347	0.01972005742087062	0.01818322166496254	0.019910755664413294	0.01942744288874783	0.020546222393908128	0.019940244863929552	0.02079555949176123	0.020610709737052552	0.02145684064838167	0.02078875994184579	0.020786647795197753	0.020602311518221037
NW_023496808.1	9130409	9	0.022196578859587406	0.0239597896113637	0.023742814803827634	0.025418829539109195	0.025628384407963157	0.023512948463083935	0.023398075519485965	0.023899376882806717	0.023700718995464956	0.024260988141125428	0.022400150547230054	0.02549646721160659	0.022842664222355275	0.022886332781521277	0.027815700688996397	0.02127878546247695	0.021443944950960893	0.022602696158978773	0.0204290989458145	0.022242223594413038	0.022558472061884216	0.023733303201401084	0.022803760070223826	0.02357761423187429	0.023201038888683922	0.02456658154057718	0.023708771267189666	0.023990267753117273	0.02396886700008745
NW_023496808.1	9130409	10	0.022597483754514158	0.02392359031545897	0.02384668215943794	0.025475992852862103	0.02560471735907575	0.0231689613525741	0.02363120497486805	0.024207613924591233	0.023953355107089194	0.023293645222033286	0.020670794891868398	0.02557191629138877	0.02254672084519105	0.02279327885933222	0.028128829609457794	0.020769484199615017	0.02168588556968504	0.02211695528893497	0.02026643714229388	0.022042374997430985	0.021641266731670026	0.02360327542423259	0.023307994070524654	0.02312243922830342	0.02239667569290967	0.024903085442710436	0.022532613110725828	0.024271705523165887	0.023574133572852287
NW_023496808.1	9130409	11	0.023133471093188602	0.024543614881087552	0.024376873246752844	0.026171774674710328	0.026007281436027173	0.023735082747439632	0.023818500214649752	0.024412922784187416	0.024203097857636018	0.021580016508213163	0.01782529426355072	0.02638704185595191	0.02275150932298819	0.022241845527054573	0.029083892239081702	0.019235597861824345	0.02197210995965611	0.0222242833443042	0.01989054782583814	0.02266656748519959	0.02297092829891802	0.024122779528133857	0.023282561738463655	0.02311127977353787	0.02013823834255772	0.0248271115735339	0.020143058236500342	0.02457604004447799	0.02438286166941716
NW_023496808.1	9130409	12	0.0254057073234732	0.02746779557016112	0.027303491536233685	0.028794851596566754	0.028883349355104306	0.026316845243868677	0.026894595546733905	0.027520209522228178	0.027233224030860464	0.024448963576733648	0.020240057662622386	0.029195189207289165	0.025531844163429258	0.02501733406718599	0.0317753467124492	0.021793526041956467	0.023817615188010968	0.02529358446488808	0.02267999555305337	0.024927914762256302	0.026011305661386704	0.027048260391584433	0.025702478169305026	0.025815195590172823	0.022741065336759254	0.02789762556724806	0.022865040457886263	0.02774765763243887	0.026908454201106706
NW_023496808.1	9130409	13	0.021738759511035436	0.023410450868129994	0.023378344574525353	0.02477813106446027	0.024654304234210687	0.022631445489871165	0.0230512371576233	0.023572588406187294	0.02311037428676319	0.024178937953094132	0.022775141938340623	0.02466293292495726	0.022075291189642694	0.02193036277955101	0.026999425702436932	0.021494595403943776	0.02069026890045318	0.021761249916897586	0.021022270014356016	0.021559152468832336	0.021990570537544052	0.023540025551690557	0.02225959982319799	0.022696885299159014	0.023553611493949855	0.024304664997401648	0.0236143251671804	0.0238438756046004	0.023292718847667596
NW_023496808.1	9130409	14	0.025209296822805923	0.02745697057624542	0.027053019050804882	0.02893307014149082	0.029026473529832907	0.026159144183826564	0.026714660268240004	0.02766889304890071	0.027050922670858984	0.028079926117593888	0.02709554360405008	0.029178682660820028	0.02636472760325754	0.02559096235356764	0.03114544842368777	0.024349096815946904	0.024245571024351414	0.026288379183384638	0.024674702735968567	0.02616795120877077	0.026206329887794942	0.02698955865530226	0.026506252739880602	0.026986822586183127	0.027519880912044707	0.028160732199625078	0.027540558732878785	0.02764449009385723	0.02669901316551113
NW_023496808.1	9130409	15	0.021081812902871953	0.023508971767732128	0.023322947552255373	0.024850867005712936	0.025152076354827555	0.022529329574454797	0.0227950811591563	0.023597739015704337	0.023237096437025102	0.02505466843253524	0.023684766211837092	0.025304643860393498	0.02247068484371501	0.022179654362557925	0.02807809081464725	0.021135975244289524	0.02045295181098385	0.022623474380601416	0.02085026960060784	0.022175690011901582	0.022205472846182576	0.02318611588457859	0.02281638506693163	0.02359538723115144	0.02426622411305914	0.024395676807279738	0.024190076029504518	0.02370944618688994	0.023126789566835795
NW_023496808.1	9130409	16	0.02052323464603012	0.023006950945430985	0.022775399402681556	0.024168541810751083	0.024192872669880894	0.021877156583316883	0.0223621184517479	0.02280084216689699	0.02271585244121074	0.02414481767956075	0.02293995196156677	0.024671004386944036	0.021857223862866315	0.021648157589693195	0.028003140553540317	0.020996850950968756	0.019932258265090305	0.021869893471900905	0.021311653341724406	0.021762458759041616	0.021481648676436805	0.022341564414399284	0.02210798606895316	0.022674513642052918	0.023239071286994747	0.02335543006368073	0.023388588652740346	0.023190544914982087	0.022199792737103437
NW_023496808.1	9130409	17	0.01929703527495537	0.02113288313839747	0.021057900099922887	0.02268871796976014	0.022587335100407956	0.020601998011070044	0.020743566397842403	0.021097034366416408	0.021082572939591704	0.022360737623099498	0.021434197520817374	0.022670693422906507	0.02024759285341603	0.02026437385787353	0.025678442616305093	0.019524265566544123	0.018872024026258805	0.019923481058820462	0.01953255832281625	0.020343575428097938	0.019744731557455177	0.021013890351241803	0.02101079317586103	0.021166647243235456	0.021615426496401687	0.022012440979047563	0.021860381792758937	0.02147744136789491	0.02095017129256673
NW_023496808.1	9130409	18	0.023538173779103454	0.025559094308850058	0.025466428328226768	0.0275197700401872	0.027678995710334012	0.024932082092317738	0.02536565881832307	0.02580438775320477	0.02562752991914921	0.026521318564048303	0.026236622885205427	0.027914304443454795	0.022922574501555236	0.02204369080346147	0.030290429161709573	0.022627158240099195	0.02141844216364212	0.022392324658649983	0.021903033653162703	0.02256154705068338	0.01983870218995235	0.025389360725774936	0.02218905367362068	0.023927434541151305	0.026403815654618332	0.02639522951016316	0.026584771722834823	0.026060193743382302	0.0254118021947003
NW_023496808.1	9130409	19	0.016708638614702655	0.01871621133169843	0.018760794902841	0.0200980887905939	0.020142991972382826	0.018261637773091827	0.01861420156706364	0.018688829082478806	0.018653180546344416	0.01932866551145042	0.018671721963811883	0.020268477842708743	0.017745639564533875	0.017576338564891766	0.022524551315760928	0.016927158314924782	0.017009080063817593	0.017223407308160823	0.016324530650926254	0.017783910959746633	0.015666503008741894	0.018778967337557472	0.01838961555841764	0.01859168816184018	0.01898878873216126	0.01940366388419197	0.019154764361458687	0.019177373385875485	0.018614502421639097
NW_023496808.1	9130409	20	0.019890396369002267	0.021912782947653992	0.021747211551407516	0.022901477315381818	0.023044389788753644	0.020820281723885	0.0216953764511482	0.021724113614899766	0.021812803092889254	0.02205032842061729	0.02119098531303085	0.023320726255059668	0.02024276611514522	0.019892165854037743	0.02600530307103825	0.01950304330792579	0.019563601568892263	0.019324914089102117	0.01928538228938981	0.020335759925159857	0.017354861054668987	0.02184405069030869	0.01995572494743744	0.021400892502612574	0.02189345750495268	0.022673134132482425	0.02187749139649502	0.02225980157430159	0.02133284240355423
NW_023496808.1	9130409	21	0.020383828198986553	0.02206209185374206	0.0218052721591333	0.02335437377754086	0.02327995317905995	0.02108604413362559	0.021354934241905352	0.021967073774564135	0.021931188765279327	0.023353767122847584	0.022742210009519714	0.023616262567228454	0.021465449850999747	0.021307681414935872	0.026138413604274574	0.020583208936510236	0.02012010240261608	0.020576546644051168	0.019030456677754805	0.021674025672053662	0.019370470146402075	0.02209959531185489	0.020918889595416334	0.02278939377968496	0.022927203463717818	0.022395703904112413	0.02284444510802309	0.022465302314647044	0.02186494004783756
NW_023496808.1	9130409	22	0.01977547407768784	0.021838060418559326	0.021489152911306767	0.02298427073555143	0.023460094281412013	0.02072984696173805	0.021073407113003186	0.021640070021234376	0.02150158887843056	0.02322146689864394	0.022224591679461503	0.0231371975977298	0.020892110869805944	0.021316274748509716	0.02596532570649677	0.020621757888137054	0.020304566514191782	0.020379169719368023	0.01966946857365352	0.02106754705092443	0.019504721274592077	0.021479606223106334	0.020823878054126367	0.021969905103669772	0.022692582996664806	0.02226266491943513	0.022664634224305705	0.022081109871656054	0.021208294661472758
NW_023496808.1	9130409	23	0.016707337761757295	0.01867608034700449	0.018243102079493485	0.019707626000659676	0.020109901729787424	0.01752836039985843	0.017752650980859944	0.01818483813101769	0.018214162554001646	0.01994184930927535	0.0193763427180532	0.019869473811623448	0.017668669880706023	0.018039995494293005	0.022846024100221383	0.017317313935185204	0.0170430530845209	0.016944151714131356	0.016008318717874528	0.017843349983562427	0.017106641595395315	0.018286937130477736	0.017739305469162265	0.018837251120452456	0.01935015106796899	0.01885669045925116	0.019485544002902547	0.01877891920204329	0.017888385627190525
NW_023496808.1	9130409	24	0.017420110135076078	0.018847500215717686	0.018830460271514554	0.020268448626163303	0.020485899758687094	0.01805317564212596	0.01855762705479108	0.018801050204228252	0.01868579264241358	0.02008419008750014	0.019233758613148386	0.020687140848627793	0.017894068436967166	0.018538779726222556	0.023439560977094886	0.01794497554492904	0.017507779109522895	0.01718462387523007	0.01629429659216889	0.01801196105081213	0.016796902115476915	0.01878304681802747	0.018256590023891645	0.018775934532482712	0.019340173118883884	0.019325277405444465	0.019455999626277812	0.01933274258836541	0.01837464735767573
NW_023496808.1	9130409	25	0.017836729659598746	0.02028086204191266	0.020154038093179543	0.021233538216826657	0.021586205639247524	0.019357226155535368	0.019623015828072056	0.019961352571559447	0.019901305678845932	0.021514033029473276	0.020550299141358877	0.021450373798958863	0.019241666888175933	0.019544940863962766	0.024217816445373023	0.01836227369577433	0.01830067502419981	0.01867781748934817	0.017726797444393087	0.019295598949037266	0.018455869395502908	0.02013407568932399	0.019005015967535437	0.020388454182828593	0.020582557102870064	0.020804057108105425	0.021062824699691306	0.02054416373527834	0.019875670717786086
NW_023496808.1	9130409	26	0.013630407965030589	0.01531822203795156	0.0149867499518854	0.016290392374196435	0.016465436640034338	0.014209212035828664	0.01472077207476403	0.014931292969276965	0.014920697326555455	0.017038102844624634	0.016317399294410853	0.016919415165176754	0.015262091709456527	0.01538584418460399	0.020936621198916733	0.015186254297284154	0.014277769331287427	0.014887035766313365	0.01470650407414003	0.015360008593596854	0.014673991830011559	0.014979400048080776	0.015327262635367649	0.016385365574163556	0.01628709078093233	0.015628489982120776	0.016503305179366223	0.015426531100480822	0.014679126138630743
NW_023496808.1	9130409	27	0.013227787409981689	0.01496593835209566	0.014862354360587034	0.01602684861588171	0.01634068384436255	0.014149742652789975	0.014852675035893988	0.015382021386100387	0.01495117945309487	0.015552950916135502	0.015036960777942709	0.016368949691033183	0.013608760830991495	0.01392623102891853	0.01890047105452953	0.013348672399436936	0.012930609429669613	0.013118890059665085	0.013105430050253554	0.013879760980524217	0.012828113619934809	0.015224505117711349	0.013838600655999043	0.01474941363753197	0.015146064403239498	0.015778888805826678	0.015273580923959829	0.015437433314516415	0.014916107590550013
NW_023496808.1	9130409	28	0.016844033032765902	0.019023758743635315	0.018894808323704947	0.020282785458782735	0.02041351447410373	0.018256262851795532	0.01857368844624398	0.018906713257097342	0.01900680063280974	0.02004720243685798	0.019418806382367156	0.02050109957625159	0.018232336132220327	0.018421176418997334	0.023915167806870388	0.017478098255020072	0.017443285085214467	0.01774305962781899	0.017082683255720522	0.018234223713421045	0.017478242448046948	0.01906960886230726	0.017784325143946386	0.019175437332259303	0.01946422756253464	0.019488799153286294	0.019622581417231628	0.01963945927421544	0.018827588446841643
NW_023496808.1	9130409	29	0.016218356835010387	0.018797823656797677	0.018554043643948324	0.02035222503025233	0.020424184780197002	0.01778286708456499	0.01814620275459102	0.018376884500921314	0.018399348437281873	0.020163026343979054	0.019235378432274394	0.020667957551345022	0.017746953219677317	0.01812593342505418	0.024228264157713564	0.017226338282962734	0.01735120517623589	0.017084238804602456	0.01662416544910871	0.017788385135385297	0.016376827867105582	0.018515730791836688	0.018233141125935343	0.018364495887205644	0.019311692935218238	0.01908471042352328	0.019553531888101456	0.019117672869361602	0.018376772292379405
NW_023496808.1	9130409	30	0.015419393061515296	0.01730256159760377	0.017169829245309604	0.01879711474480695	0.018975752408715418	0.016569985377592227	0.017063539850054807	0.01713042077204043	0.017275030159594997	0.018552114679381133	0.017940882713742053	0.01932858418642242	0.016184704710959622	0.016114140987363846	0.022992143028333863	0.015836276926210473	0.015528334937524884	0.015615923192272799	0.015110655813956264	0.016556828287249022	0.01483134057865861	0.01722074454475305	0.01672096860500202	0.01758863719473913	0.0179334619557381	0.017794254886492646	0.018154049169951735	0.01758535883348888	0.01710663171700055
NW_023496808.1	9130409	31	0.0183402593461785	0.020834888587652135	0.020688786081927153	0.02303733714159361	0.02294238334128393	0.020129341942704566	0.02049008999527626	0.020771835844522937	0.020355835934096865	0.021599184652622658	0.021097666552284226	0.022974160807126227	0.01950817079755448	0.018998682659339804	0.025498310286277415	0.018781404478473467	0.019045971169038063	0.01843815161459199	0.01729468427594482	0.019650323547571978	0.016739203970400254	0.020787453913137084	0.018892667767109732	0.02000704165631926	0.02144121522442669	0.0211407409688655	0.02162390613918101	0.021185418051927418	0.020830696736947582
NW_023496808.1	9130409	32	0.015321900341090175	0.017180865239837424	0.016911368110478935	0.018077250742987102	0.018443153564858313	0.0162299019517703	0.01679734033862838	0.017093832442152297	0.016678481280280693	0.018249405452199555	0.017316807131942943	0.018290900009799004	0.015999018487179356	0.016105141705599887	0.021855129357555906	0.01579821284593333	0.015285659920165546	0.015418654691266472	0.015183518893012464	0.016271593511042626	0.014023886498678025	0.016989969546424174	0.016308438522657114	0.016957215696639567	0.017119699202341465	0.017570664342221876	0.01761981237125499	0.01748173739417726	0.016766297177926697
NW_023496808.1	9130409	33	0.011766752777976572	0.013471611656173698	0.013054982034070964	0.014572160317351276	0.014840846304683413	0.012765168607574755	0.012794636133869774	0.013574399955096095	0.013278951993273854	0.015304774978605227	0.014498783612934527	0.014936240814649284	0.012902220502149066	0.013419095315738523	0.01886224707423707	0.013195359649244476	0.01280182080553528	0.0128489147556433	0.012477684591789495	0.013332221532225345	0.011167537478256405	0.013508252146655597	0.013963468899852617	0.014097068511946594	0.014872168776837643	0.014178864098156765	0.014978407092493927	0.013892650241625382	0.013221143907117462
NW_023496808.1	9130409	34	0.013363946675099388	0.01546156270415965	0.015255181550276895	0.016576751999633578	0.016733533538767366	0.014644839872670276	0.015121970619130143	0.015473554800018519	0.015332216160995647	0.017184028098887354	0.01665810845467807	0.016665492608149195	0.015028873751098003	0.014898604229548909	0.02011474100724204	0.014324336591644926	0.014699622344595747	0.014818770697150024	0.01448195434108957	0.015183623431662982	0.013143238943581395	0.015581867395375062	0.015679766172239283	0.015939552815903466	0.016374796242042876	0.016220563177411145	0.016855728263799864	0.015916671332888804	0.015298538962602387
NW_023496808.1	9130409	35	0.014314792848801966	0.016817876554148844	0.016756134855849144	0.01812973419791324	0.0182563897502152	0.016346741116641948	0.01641098383156891	0.016799961412178727	0.016689965407732252	0.018091163777180383	0.017456743196356858	0.018415934896821987	0.01582114925396881	0.016671574163794254	0.021106790989228588	0.016309118423416424	0.01578413483001472	0.015400345762935183	0.01578417139892974	0.015662140998464635	0.014918042509548384	0.016862421320055557	0.01668282195626084	0.016731655474455844	0.017430402607099056	0.0174785420695138	0.01749736074145592	0.017301919145067932	0.01665946304738492
NW_023496808.1	9130409	36	0.016251800151650973	0.01881052265101492	0.018385884854311425	0.020575525516858328	0.020811518833953987	0.018046222750325688	0.018271609925465795	0.01873809749857178	0.01847592339937887	0.020355315615712112	0.019279067875890527	0.020799445874282146	0.018265470773765613	0.018510611551860737	0.02415914586897455	0.017738220265334566	0.018001195114298617	0.017809896566467115	0.016597843448622283	0.018282976828600174	0.017117113777122196	0.018573915529989084	0.018659206275715108	0.01907712694896029	0.019496276092217556	0.019485010481422503	0.019815134300387206	0.019189564622521593	0.018338540445797077
NW_023496808.1	9130409	37	0.014131617013472215	0.01586984468189693	0.015587807016670863	0.01695047436727302	0.017241150290180474	0.015272022276985663	0.015444930232844658	0.015996228516482844	0.015577533227016197	0.017634928269043018	0.016738171690231216	0.017335261835663255	0.01561677576409034	0.015400516492343603	0.021072451137460417	0.01483868970545433	0.014872864096958177	0.014972219560132748	0.014345182123355728	0.01578893869709036	0.014775923986561156	0.01576059730899104	0.016045529597149562	0.016635627711087814	0.016862518876678292	0.01629688562612177	0.016980354553959354	0.01618347343527352	0.015408726169293303
NW_023496808.1	9130409	38	0.01248892583310291	0.01432037020397987	0.014004704142987271	0.01553675514531895	0.01603673865198904	0.013436175577762381	0.013666125166600892	0.01413403647620438	0.01394540905396324	0.016132620778882816	0.015301028317123794	0.015709773241586518	0.014271309788333252	0.014776609037443175	0.01862790033310816	0.014204601795508436	0.014149072221599808	0.013720738214085041	0.013625166226825473	0.014607723055292843	0.014085119939865932	0.014081347517573384	0.014759787270133164	0.01523769504947294	0.015485726887575756	0.01472268931930831	0.015620716881970184	0.014566355098062339	0.013847744504225636
NW_023496808.1	9130409	39	0.014283905507864236	0.016800842965508527	0.01669150670241853	0.017736184823911677	0.01779765379857454	0.016054377417206767	0.01648328237311978	0.016683693669982673	0.016623747265954003	0.018330438425163784	0.01719745766658671	0.017699362420010415	0.015717233844373558	0.016478870198060366	0.02207494925902471	0.01575771340190818	0.015453524486132983	0.015042025557299589	0.015244023944966014	0.015814087669094826	0.01509798290924921	0.016733294530268214	0.015616357617292199	0.016636620821836003	0.017680887631869778	0.0172499506385768	0.017730200932504974	0.017188661233236053	0.016620157871429304
NW_023496808.1	9130409	40	0.010756555859931714	0.012480241712785443	0.012414609264851655	0.013189390433324297	0.013337582625884681	0.012012955763307397	0.012232102598190592	0.012369379195682827	0.012517510670641155	0.013548532515905739	0.01274275675714573	0.013425915822662936	0.011745558576400927	0.011929098571243083	0.016618094225775964	0.0111790161328458	0.01167747125835516	0.01132511283394302	0.010960109270038423	0.012078045791069232	0.011212560112634678	0.012626816388724	0.012164207003939723	0.012712952485627463	0.012781817979264387	0.012962772915825298	0.012970111228098468	0.012846825943496079	0.012288502617921021
NW_023496808.1	9130409	41	0.00831636862618216	0.010033389229096792	0.009832557269847315	0.010880733739931295	0.011076029106446894	0.009560204552785964	0.009539678957523983	0.010064844677361044	0.009972163590586513	0.011439674312381822	0.010282553488626315	0.010853466338049619	0.009588136149023834	0.009533733315441098	0.015287466082363074	0.008427081866865586	0.009611607399526477	0.009159141689174886	0.009233340675982653	0.009844919713583596	0.009295682603008846	0.010304633259646647	0.009769372074603721	0.010356625598330935	0.010304533249610066	0.010742264705570579	0.010543888753031324	0.010419228730477093	0.009973766944675683
NW_023496808.1	9130409	42	0.009394801221429811	0.011767205281764519	0.01157785126109446	0.012549773109810449	0.012795220677755069	0.011406973981416066	0.011592252874666335	0.011503711099083203	0.011990396647474037	0.01284835108963397	0.012234249760767509	0.012782330124621405	0.010894450077069398	0.010931257309726333	0.017519801642407944	0.010265787246457466	0.010782253027948852	0.010601241068064995	0.009818697913086852	0.011263748416336568	0.010182601096760004	0.012137129244314787	0.012083597298038358	0.012410520498126852	0.01216337290227752	0.012689059510437141	0.012830057480765773	0.012533940808447847	0.01186894245379251
NW_023496808.1	9130409	43	0.008878667179474662	0.010426797405500728	0.01019727059447141	0.01107468404117868	0.011157797615240344	0.009964385631905541	0.01021300549274531	0.010089501098059362	0.01048596248626195	0.011905794801845896	0.01083824426706552	0.011333485027574119	0.009279089239457304	0.010002401043932112	0.01670135431368136	0.00972238388932242	0.009291972665044237	0.009148549781571393	0.00927370074946444	0.009992923541627275	0.009342693236868116	0.010726083387191549	0.010126407928084	0.010594120768025597	0.01087607825108989	0.01151825359321589	0.011804949245951279	0.011084218152936401	0.010485802827477152
NW_023496808.1	9130409	44	0.002534892492226898	0.0031331486974984953	0.003107999051381601	0.0030755443967223203	0.0032040573035983047	0.0029325366394368797	0.0032743538440654107	0.0030554359434815177	0.003484661237334061	0.004256443274859599	0.0038928712698829077	0.00329324324468312	0.00343090825959476	0.0033966703912224937	0.007209675166781273	0.0026705604923444206	0.003512067824268052	0.0033084137239869143	0.002917329628082753	0.004108361913475184	0.0034283793633028215	0.0036625144619792	0.005634702664321453	0.0051727921605314335	0.003776365084506804	0.005679728280720872	0.005519325826456045	0.004907442987557621	0.003553117125466798
NW_023496808.1	9130409	45	0.0024093347807595472	0.0026216072756411043	0.0025782409629684934	0.002932555357364802	0.00292440907434574	0.002593140280312169	0.0028781165985540657	0.002448051486548583	0.0029835493400244234	0.0034016480890193294	0.003281078056057114	0.0028699464189113487	0.0024678922442695535	0.002616786513444439	0.005344895137118384	0.0022747041596764255	0.0021621071653240608	0.002304580126339551	0.002319663319596677	0.002925262259790456	0.002371869893863447	0.003239830891939298	0.004425573933938974	0.00463484876022906	0.0032827166729170842	0.004955147648618457	0.005067301342512384	0.004348876213556696	0.0032668855630398294
NW_023496809.1	942459	0	0.0021341323205634377	0.002363107466350028	0.002361886749339929	0.0025332761882222096	0.0026130220370504218	0.002172831436442666	0.002648229489244728	0.002277326375804897	0.0029084676631564743	0.0029624275188220345	0.0029510216106375707	0.0026664004055349287	0.002188423037683024	0.00243850934255	0.003580873217223901	0.0023304390039505804	0.0021120239224025755	0.0021675436953192346	0.0022637632099848956	0.0026453278349498313	0.002358081132247108	0.002713636540590443	0.004868227964405126	0.005325847790940268	0.003575653352481281	0.00564681882494191	0.00582117731221553	0.004970186558513036	0.0030563938245902877
NW_023496809.1	942459	1	0.002602573624487875	0.002701291617697088	0.00291103363647356	0.0030059675513636427	0.0029597423061979485	0.0025367812055021497	0.003003907870763104	0.0026083524046798976	0.003299552786121046	0.0035610165557793433	0.003484403963511364	0.0030019872933545106	0.00263123327943803	0.0029978781413167554	0.005049495950524137	0.0027373649286178215	0.0026804894314318337	0.0024789984815897226	0.0025837937507294565	0.0029950693817344613	0.002680575518975878	0.0032103194582495977	0.004954202321341182	0.005094126156774321	0.0035683771066816225	0.005473144073329944	0.00554413065114951	0.004652723146214184	0.0032476156123828694
NW_023496809.1	942459	2	0.0019259832311302987	0.002217198167670857	0.002281585528341846	0.0024820965293389243	0.002518779703140477	0.0020856713315765504	0.002527506754509077	0.002114137764340613	0.002720968490010215	0.0032574220753539456	0.002867139824197419	0.002515149509344919	0.002105534104536936	0.0023893644109845248	0.0053555165060821955	0.0022707634761566157	0.0020515944004224854	0.0019916778455840913	0.002124749948310694	0.002500945996586152	0.002289020923712909	0.002725638559185796	0.0041063685598590445	0.004436825638038641	0.0029576766241858955	0.004756415433867819	0.004671912630189747	0.003848346577968125	0.0026552350939958893
NW_023496804.1	524097	0	0.0013829014093970212	0.0013091473422765063	0.001251313676417663	0.0014727966835116966	0.0015608628266906123	0.001029745864057048	0.0013794712012174365	0.0011957212997231082	0.0016413172001234447	0.0020202187221491233	0.001949510440063217	0.0014990750333554689	0.0014188239774865251	0.0016160816694190349	0.003569181293261961	0.0013878888734038352	0.0013034786192638677	0.001180618944189123	0.0011924475768532324	0.001752937995019859	0.0014746623122975154	0.0017351313063717541	0.003648162840491549	0.003726344317368368	0.0018558791269602014	0.0036112500129180623	0.0037209724313958226	0.0028833116536917894	0.0017180086502687805
NW_023496804.1	524097	1	0.0011887063161317099	0.00124087129169237	0.0010724600555752563	0.0013283137375605602	0.0014047269877217278	0.0009439003471499774	0.0012736622940192075	0.0010893104743466982	0.0016490745663857182	0.0020561453744068576	0.001826780124911299	0.001319955196525124	0.0012185648658146926	0.001436996881010632	0.0041885235486808755	0.0013273737150299805	0.001206290270381421	0.0010779866122046958	0.0010409118392450303	0.0016818403000880941	0.0013665128397200223	0.0015833498402714988	0.0034347475593044232	0.003542189430811443	0.0017314639687224778	0.0038887921232904814	0.0033334266173128423	0.002417130163028217	0.0014640186298253556
NW_023496805.1	442295	0	0.0024949924081883483	0.002337368201082305	0.0023670178990205853	0.0029192634069617105	0.002954410454329937	0.002319233693405817	0.0026447652706858902	0.002328246885824337	0.00263774114990901	0.003297136065151226	0.0030231747990135463	0.0030260567094682533	0.002145178219427138	0.0025161134231503476	0.005566056320894214	0.0021611534229953786	0.001907032229122482	0.0019605373220577026	0.001988209550408904	0.002730786622159409	0.002090242625667196	0.002986094030616951	0.004276451108622906	0.004498753514863585	0.002930828466570198	0.0053472281342420176	0.004902849182694525	0.00417078608694356	0.0030417785807711527
