contig	contig_length	window	FR-Run	FR-Par	FR-Lez	CN-Lia	CN-Bei	FR-Cor	ES-Bar	DE-Jen	DE-Dos	JP-Tok	JP-Sap	CN-Shi	US-Wis	US-Wat	CN-Nin	US-Sok	US-Sdi	US-Nca	US-Haw	US-Col	BR-Pal	IT-Tre	US-CAOx	US-WIOr	JP-Hok	DE-Jen2	JP-Kan	FR-Lez2	IT-Tre2
NW_023496845.1	13739618	0	0.0027039173730739555	0.0029094154536407585	0.002843626555423619	0.003530007493407379	0.0037004855502463883	0.00256870402028841	0.002897244790830492	0.0028453322748903044	0.0031566339824617693	0.0052206579486814945	0.003617795302977406	0.003331555705271157	0.003163452473774751	0.003013615659223022	0.011119329215772022	0.0027754251584059804	0.002583758367725241	0.0030913859289959738	0.002137972192971431	0.0036376079408321953	0.002995621333068649	0.00306714053168559	0.0047523479011053115	0.0046709759496433	0.003797387865907827	0.004770925812046883	0.004648499226234524	0.003810294899783414	0.003304148572593016
NW_023496845.1	13739618	1	0.002508463369113411	0.0029928221857698487	0.0029744634001132543	0.003926684164571034	0.004162489520804742	0.0022664928407997885	0.002672253949109386	0.0029956184913084516	0.0033471249968581186	0.005409761032311766	0.00419011597956192	0.0038307065873312775	0.0035108737759088253	0.0036049711776430845	0.011107445235670834	0.0033533704848956953	0.003009281222120602	0.00336891242690955	0.002792637680595348	0.003888149329675817	0.003386497545905418	0.0029918947398455205	0.004875738224882135	0.004602859057786499	0.004177964453957134	0.004500477838404202	0.004441750713645752	0.003313792750000347	0.002839483376173593
NW_023496845.1	13739618	2	0.005675740300410037	0.006426140172854781	0.006325375630305481	0.0077991709215535915	0.008091349622659574	0.005365338460901289	0.0059268912936091085	0.006274186723343797	0.006740402910963693	0.009328202798739684	0.007999711861386382	0.007770417346961119	0.006968502970000965	0.007302674725356931	0.013836454315940007	0.007164297066628492	0.005956978345444431	0.006903880157622094	0.005037533040483795	0.007367263420691812	0.007120114028954661	0.005863101208214364	0.008203494703358247	0.008050518485571291	0.00803629999289366	0.0073542353296395906	0.008397041856459479	0.0066136154390374225	0.0059421572605549864
NW_023496845.1	13739618	3	0.00741162630002978	0.008523232699207057	0.008252499250198747	0.010157666050111062	0.010156521366180948	0.006974299311083715	0.007664082348047785	0.0083118179901403	0.008704220754675673	0.011678148560238228	0.010536903502253208	0.010228003843837912	0.009178204218532613	0.00942733172827488	0.016391648093211957	0.009357262665701138	0.0077617493391295145	0.009085709160552532	0.006157233282367026	0.009427272031125533	0.009197651600382134	0.007717139122505177	0.010320177277170292	0.009773979442807638	0.010222820192194025	0.009533760209412386	0.010470953438947684	0.008430621284993622	0.007602013623038966
NW_023496845.1	13739618	4	0.006521622674856862	0.007386198767973246	0.007223809185607442	0.008813054736510034	0.008937491386675931	0.006268066194439129	0.006843519503871697	0.007206342879752572	0.007615431810291094	0.01008306172446056	0.009078883711643802	0.008966838940837335	0.007611515652531051	0.007920907062392306	0.014607171016062109	0.007984550455747861	0.0064206807301010966	0.007512373148255946	0.005392760344712587	0.008006505234810295	0.007804075724079441	0.006835457036135268	0.008610170972351339	0.008436967453708177	0.008905441323149316	0.008519014016986149	0.009329472213185233	0.007351678362230191	0.006793911517404033
NW_023496845.1	13739618	5	0.0072159770354034035	0.008457779993683688	0.008067198464273215	0.010571971448303982	0.010351643972435636	0.006907653126009334	0.007425122623234634	0.008134150530312726	0.00851809684924878	0.011655993767692763	0.010498649893385809	0.010378705415201226	0.008996733031809862	0.009256669809706668	0.0159177714010307	0.009175687201753635	0.007731235196953379	0.008925459481120918	0.006261255909478488	0.00944517633418885	0.009059731607328697	0.007505094896958462	0.010254165948110058	0.009968623615959717	0.010511758788085027	0.009380684699768549	0.010876981162312878	0.00829457442508125	0.007333101926906537
NW_023496845.1	13739618	6	0.007324242142751682	0.008428107058617062	0.008146662284993786	0.010149651388495053	0.010251161896613098	0.0070555376240863475	0.007450941198350296	0.008135660658010578	0.008488267255442574	0.01126490225130048	0.010250951482461546	0.010164543054762661	0.008639561827747461	0.009233683965911772	0.015140518956060958	0.00905973144079077	0.008355100079649158	0.00873473561394631	0.005456850691027695	0.00918333898035647	0.008985956337218952	0.0076159577363515245	0.010097614115142588	0.009884832618743037	0.010080621673319282	0.009357773804443238	0.010598904189631825	0.008301148604887464	0.007569847371255039
NW_023496845.1	13739618	7	0.007037269191230488	0.008115663820057819	0.00784965569869348	0.009756572385753583	0.009918806685219444	0.006801831520657828	0.007180061774257313	0.00817060291819513	0.008173917414050857	0.011139052571748118	0.01016062937654506	0.009871010741190027	0.008474993163929528	0.008751129338681133	0.016509238541410832	0.008580198083578605	0.008067603985157316	0.008454341261552346	0.005460472849767469	0.008905134606594737	0.0086642933502723	0.007204846963681096	0.009340820692349195	0.009508666638218422	0.010067328996435353	0.009065991626797856	0.01007386080059843	0.008171644141403192	0.007395509407079961
NW_023496845.1	13739618	8	0.007517331577383446	0.008802897733743844	0.0084913658312306	0.010529645576964725	0.01056869845881645	0.007267238482861527	0.007786288371494151	0.008576447578952836	0.00892973595502778	0.011685922978979892	0.010669222546330522	0.010501592023421871	0.009214433035156767	0.00954329534244327	0.016145222469495294	0.009505361253439313	0.008508443775072344	0.009335952556317138	0.004746309494664827	0.009481681210943345	0.009240123757692238	0.0077364765975393626	0.010493734455757773	0.010422049621539258	0.01052916893111842	0.009681364743027599	0.010797987823054722	0.008702616799682077	0.007861106851063325
NW_023496845.1	13739618	9	0.007795950500251611	0.009119495658854863	0.008802870913390902	0.011233278946592023	0.011334016036437963	0.007415800426681798	0.007911436008214813	0.008836433641491509	0.009224508099000014	0.012532179353845431	0.011322220225718545	0.011230552342245438	0.009227687255532503	0.010181134001431691	0.01723031226789229	0.0097497440733284	0.009018710438669803	0.009228052136429743	0.007204802916452088	0.009856636158265111	0.010004885030621219	0.0079247159617892	0.01107244661102615	0.010605580193545617	0.011458979287739243	0.01026390864492301	0.011632681140935503	0.009081481027740325	0.008042744896584998
NW_023496845.1	13739618	10	0.00835623482198114	0.010015708669824555	0.009554095580843358	0.01219064649180986	0.012141677243600026	0.008005940294267634	0.008308123158324679	0.009599306703184672	0.009897542946491847	0.013328925720883815	0.01219968983340239	0.011993661009562395	0.01005068553065359	0.010936842508686134	0.018086803108904363	0.010679761033525133	0.009973381656808892	0.010021987456924154	0.00824234230396435	0.011037319209634761	0.01046935059244968	0.008560504514534306	0.012125914281356969	0.011423176821931051	0.012260711265972663	0.01081723295311116	0.012236776490211734	0.009719197738873519	0.008680710915396383
NW_023496845.1	13739618	11	0.008760597508714385	0.010411462509401764	0.009955687459153088	0.01238363685887035	0.01244843646651438	0.008430518774371447	0.008864062596246412	0.00983688450165238	0.010342232918653252	0.013423748780048948	0.012679351419747052	0.012530391767309126	0.010284329220431697	0.011546134492086128	0.016834838843487604	0.011148973428124192	0.01020379619077895	0.010449928864242893	0.008897344327334467	0.011165933008269374	0.010917580904727216	0.008845033261000567	0.012584347988443633	0.011623963019039805	0.012280713003194605	0.011055668079243346	0.01281711168685152	0.010002474912890543	0.009070559862296981
NW_023496845.1	13739618	12	0.007958247086865738	0.009644581120923243	0.009175214119849593	0.011425860525788235	0.011540272821510522	0.007850131109588047	0.008111617037715988	0.009329084850360768	0.009534308244962753	0.01249467423950027	0.011546147207592583	0.01146927847673043	0.00956880832815711	0.010470992770926958	0.016589952430943546	0.009991091972363315	0.009310677931359342	0.00972188661880537	0.007926406978358358	0.010056202537253185	0.00965834423311478	0.00853359216875562	0.0114280181863984	0.01090799612597029	0.011513841397532422	0.010394249789238965	0.011669838727617862	0.009184183407282626	0.008663311265632674
NW_023496845.1	13739618	13	0.00906866177047782	0.010927406312645572	0.01043733890948771	0.012748170301049352	0.01278756524626774	0.008921657138136928	0.009268658787992662	0.01021893255407175	0.01073729488447072	0.013921765812809274	0.012943261774951812	0.01292339792497856	0.010826561889769064	0.011752520981343465	0.01795876483112602	0.0114558336328686	0.010750592601696399	0.010919129549368096	0.008571952566571879	0.011400107325163574	0.011036569416246169	0.009492966622970188	0.012762008388908369	0.011752107899387507	0.012748558552210732	0.011038640861221746	0.012935007060222322	0.010388899625093975	0.009681130991033893
NW_023496845.1	13739618	14	0.009494679581405624	0.010951444855863045	0.010583465470348063	0.012837529434722812	0.01303616378455184	0.00914090019000421	0.009024733814597917	0.010253913022878307	0.010795195174305553	0.013983753871191745	0.012944600651077455	0.013036745567559767	0.011109444490854055	0.011894680146269487	0.017914741251528993	0.01143265492190903	0.010643239647818156	0.010977128483330543	0.008658686264004569	0.011341586957502446	0.011250252625054878	0.009950165901940205	0.013142859983275992	0.012040989277435602	0.01287540029099216	0.011284650275374524	0.013268106474734833	0.010551316044923296	0.009670680475231048
NW_023496845.1	13739618	15	0.00761856763903389	0.008595017456157358	0.008394309455124373	0.010620117871909356	0.010457160659790563	0.007240393422115171	0.007581227062975968	0.00806188646156487	0.008838748715641519	0.011420029455256213	0.010611420662006153	0.01039104500974234	0.008867922083237797	0.009306638421070958	0.015075983560030575	0.008932972740764412	0.008405815618599388	0.00881254257383699	0.006885595483105078	0.00931797312996884	0.009164415558140258	0.007857308324077864	0.010690539201512812	0.010106360271617992	0.01024500462916838	0.009281365266590392	0.010692756177979938	0.00846145841185211	0.007866002465088147
NW_023496845.1	13739618	16	0.010202806457178547	0.011577217957003323	0.011520646083194204	0.014454768944033912	0.014478554308947372	0.009988507613576952	0.010309786641202573	0.01093357668295096	0.011655337108843733	0.015249141138759807	0.01442223629035049	0.014542668363335714	0.012255154868817736	0.012783849570208948	0.018482122553756572	0.012137598891245488	0.011987886914326961	0.012297550775617777	0.009834811293756046	0.012961112677258222	0.012571258538989494	0.010746430182891748	0.014283341071855549	0.013728544337060633	0.014353377722944096	0.012408983307335733	0.01475981769612618	0.0111589407631725	0.010716365981162115
NW_023496845.1	13739618	17	0.010451693993754283	0.011710454791213255	0.011720653402054266	0.014498821942331184	0.014495026856859272	0.009828171911034517	0.010707102209627485	0.011182714759166691	0.011983049866034639	0.015520711610533977	0.014363447717445679	0.014264825568303939	0.01243728069255943	0.012712976921677095	0.019347865060979894	0.012166364732590739	0.011947063447018945	0.012158063440178498	0.010178551475537147	0.012916258190040988	0.012814741135132295	0.01090956306431556	0.014164924131247855	0.013422296090302694	0.014450299869269781	0.01247116643448312	0.014539120727698881	0.011264215483507884	0.010757323341157064
NW_023496845.1	13739618	18	0.00951401474787516	0.011922360802313802	0.011683945892158742	0.014746085001483071	0.014777176463383135	0.009758454401466983	0.010757432387771805	0.011045903114300865	0.012093186314510323	0.015810091050015195	0.014966883896549672	0.014752989377679097	0.01302909979184481	0.013267921238059652	0.019950267230348276	0.012305051015024842	0.012125857403344984	0.012565205685581863	0.009644054919966666	0.013135908315965802	0.013234681617080163	0.01114523922706074	0.014529660431348004	0.013953939059915453	0.014864996267090433	0.012401214199001408	0.015039073603488051	0.011646032420042265	0.010946920538274455
NW_023496845.1	13739618	19	0.0074553720686673505	0.010386160862858354	0.010136839647591269	0.012603967162046033	0.012575826746550894	0.008371156726688653	0.009360286160608886	0.009515045912768314	0.010550789621520867	0.013549731748643839	0.012693114406277742	0.012378589359309349	0.011065419603521472	0.011530415103174409	0.017761248530986356	0.010751899896804008	0.010475384987196645	0.010600379700193788	0.008338325334982872	0.011333207383965057	0.011189300989053344	0.009673682168217746	0.012606304338224584	0.012042773027500418	0.012631276514805653	0.011025552423961605	0.012798173508416002	0.010042854857416874	0.009350025863190973
NW_023496845.1	13739618	20	0.008423640465520929	0.011977290903479812	0.01195434846811569	0.014050305310092595	0.014044347102774008	0.010068766876263463	0.011017295361509262	0.011338859433552407	0.012173315179184439	0.0151756339227905	0.014321960978161016	0.014129198885464269	0.012419406963362977	0.013249061560489005	0.019000367391579873	0.012109310059691201	0.012226667179161292	0.011876306427535942	0.009027021153188708	0.012602278420118074	0.012510249239404858	0.011134605777565148	0.013919942788113449	0.013302583866670019	0.014000958267494019	0.012234984239124351	0.014310711925443765	0.01166128158330186	0.010812419597738028
NW_023496845.1	13739618	21	0.00822541376546764	0.01119231076348906	0.010998791895977581	0.013867867493126296	0.013799756465180446	0.009578545199468907	0.00995582762198685	0.010255386412853553	0.011320496734070557	0.014609091634137495	0.01373219180369338	0.013405359648492304	0.012162436377115162	0.012495165575866034	0.018069363093811918	0.011504505487888018	0.011537990714341409	0.0119200388777344	0.007339078947526766	0.012371605789091467	0.011819843685864645	0.010401994297851627	0.013608148050419365	0.013053493083959049	0.01361360536884429	0.011454659939026146	0.013911795037496842	0.011214497921164511	0.010214566948932663
NW_023496845.1	13739618	22	0.006470100057312292	0.008163818858079422	0.008135921127580988	0.009990116514177536	0.01009770228657095	0.00730928799569847	0.007346113459770464	0.007995734619232166	0.008625282525550096	0.011175543446444471	0.010052308952547464	0.009873107602851648	0.009116846833294926	0.00929052238832816	0.015296501829306015	0.008616875573572448	0.008391089546524413	0.00877305010383268	0.007280232016408444	0.009387626450084336	0.008715371071100191	0.008153193162840591	0.010451259817336455	0.01004880668853288	0.010063995180081428	0.008920108791737352	0.010150166091605925	0.008719110149300182	0.007828205330216767
NW_023496845.1	13739618	23	0.008045071934937592	0.009545270148065728	0.009447434543543912	0.012041718964772187	0.012170806445927074	0.008872930654573946	0.008503273675052624	0.009115154461137562	0.010191669710463761	0.01330297913626566	0.01224570508874472	0.011989056571939934	0.010693068487548835	0.010805517877191475	0.01754365893535689	0.01024541586017588	0.009815750134467574	0.010330384608225728	0.008565890363381522	0.01109185274018662	0.009939589563400103	0.009666462466689221	0.01218497520981917	0.011601698015978348	0.012121471123557931	0.010487407841017137	0.01241385878652235	0.009977583434219964	0.009286938176586256
NW_023496845.1	13739618	24	0.008471774128710386	0.009726646178798698	0.009562245429340708	0.012430621849794338	0.012655912916231386	0.008983966179518266	0.009154053570624834	0.00987006084072658	0.011018224865342484	0.013730695222310333	0.01285525596211849	0.012635032038621076	0.011289009121618827	0.01141329486768059	0.017724628298249483	0.010784665347731202	0.010399873026095807	0.010869221487425756	0.008910192959529687	0.011636470832596883	0.010819233760062962	0.009934204337935518	0.012584005413104983	0.012110548591737326	0.012573430095541724	0.011111845846381026	0.012784062319947637	0.0099320633577371	0.0096483635019415
NW_023496845.1	13739618	25	0.005815084032738899	0.006637170851963882	0.006537623095597126	0.008568227761315488	0.008728254275270308	0.005859224243695206	0.006504105630611323	0.006749946852886321	0.007456632949738672	0.00992178691111626	0.008760525433269467	0.00854807794880073	0.007673740559055381	0.007859103806197336	0.01514353098634533	0.0072758186890066615	0.0067732659476848174	0.00739868660432125	0.005837887152272502	0.008148366575622533	0.007559488313468831	0.006957179783058621	0.008864737126471707	0.008542133015110713	0.008751904506761854	0.007833132771896827	0.008842838794902757	0.007111001148505533	0.006757682512339013
NW_023496845.1	13739618	26	0.0050351526208152406	0.00607756960608187	0.00589812170281373	0.00806215105655272	0.008150833853858896	0.005521267435523979	0.006261987881089451	0.00622041029401377	0.007097149445165734	0.00938350135887569	0.008405095321891973	0.008118201002188047	0.007107731361859256	0.007235683471292787	0.01447547222203591	0.006762534719663524	0.006114053495755828	0.006957988188773755	0.0051421259156658045	0.0074043787636451615	0.007164245569632507	0.006577333110540268	0.008396452558324321	0.008039372217953773	0.008181500692719609	0.0074495452604395685	0.008513915453775747	0.006566779553599578	0.006475560028640543
NW_023496845.1	13739618	27	0.006252438417579982	0.008124212160947195	0.007880258144884907	0.010289182203664107	0.010472371127030368	0.007850441527624503	0.008229350964127361	0.008194335007393364	0.00919348127801616	0.011573612317481536	0.010655811009308212	0.010290290644347777	0.008891874621403223	0.009249838910331909	0.01585974214287486	0.008675643393917696	0.008045553579339572	0.008816644499346868	0.00548979584635176	0.009387821872388787	0.008937124772396547	0.008650922592042825	0.010501222213577924	0.010166232524890576	0.010386251105798784	0.009395523472056943	0.010770462792678076	0.008718345012813523	0.00804419170056708
NW_023496845.1	13739618	28	0.008198075886864461	0.009611171558399868	0.009332864147734002	0.01198092102095021	0.012021375025304693	0.008893993751051415	0.009614601567558915	0.009636730388326716	0.010718289995364635	0.013219248713089502	0.011857047702187692	0.011883340401432895	0.010264604143631428	0.010775164902319523	0.017891846752923057	0.010449150868778017	0.009223493371686797	0.010088117879693362	0.004468091742968032	0.010643394965653308	0.009454332525631028	0.010079171385072094	0.011983792648253484	0.01126280489280739	0.011963682195196348	0.01058023061474848	0.01244137421599403	0.010443665213710665	0.009191196325732934
NW_023496845.1	13739618	29	0.007747068930583397	0.009290202253400453	0.008764077042459382	0.011320239460423471	0.011314891716394588	0.0080988888390234	0.009030723046846833	0.009140293735453728	0.009738500100382698	0.012428060355811009	0.011447942251793304	0.011132135479237455	0.009519508164010171	0.009631077327771706	0.0174736082268518	0.0090433169732901	0.008040354460438616	0.009085447991380927	0.0036586719222591532	0.009650503954860336	0.009124624732030665	0.009356497963772187	0.0110810084787388	0.010594124375645813	0.011284205967095801	0.00973484651558652	0.011471881550076583	0.009668606851959595	0.008528510025885791
NW_023496845.1	13739618	30	0.00697508147246771	0.008455688616928757	0.007802469103185138	0.010318321320033387	0.010357584967923859	0.00754037965828621	0.008358361098378626	0.008438061767753035	0.008942272208604368	0.011465501675506364	0.010425203948616792	0.010091211149575487	0.008727533715410797	0.009094733784842983	0.01626635112126921	0.00835831640620033	0.008052990961415528	0.008395674790649864	0.0049676128527389365	0.00877715674348826	0.008426155787100147	0.008445015436404144	0.010187479082386245	0.009829310358705266	0.010362909591839982	0.009252929419680525	0.010525440874922463	0.008932739951509568	0.00797672526737075
NW_023496845.1	13739618	31	0.007674308295124946	0.009097788490143028	0.00842665795489339	0.010755204527693204	0.010904727267543482	0.007950170497730077	0.008673710238851193	0.008728053557568602	0.009545264985668184	0.011874569180219757	0.011033522051954965	0.010787335099414545	0.009148879804821548	0.009855640980706749	0.016160491026046764	0.009424868551802381	0.009261441504940442	0.008636365064691148	0.006063011935483717	0.009380058438945073	0.008862673971259281	0.008884205003136695	0.01076527854730288	0.010388630397373212	0.010729912855444088	0.009741099910204476	0.011013600884497727	0.009537760602662166	0.008684432267441968
NW_023496845.1	13739618	32	0.0067111259162914525	0.007575153470132907	0.007223945345003604	0.009114128088707244	0.009028882566770667	0.006726481562885302	0.00725356183992843	0.007357638967870407	0.008104402348392641	0.010234618596947524	0.009243294700585684	0.008918483481429816	0.007661050930287713	0.008180572637930122	0.015316548185909842	0.0076613254284438916	0.007783900075997687	0.0072842104162679396	0.004798888864689905	0.008126419650168736	0.007647129804121645	0.0074308063285251046	0.008911799044823211	0.008854777884894048	0.009046078842141725	0.008400376732008668	0.00914336258248271	0.008078303829103548	0.007348554996847136
NW_023496845.1	13739618	33	0.007544591966465443	0.00845077806516306	0.008362791688774119	0.009650693786197382	0.009807320710178345	0.007625990054206191	0.008057776578091827	0.008138256590099457	0.008589202722898367	0.010810677938881245	0.009868933899780266	0.009786551243296691	0.00847102719342702	0.008982516316649805	0.014992300898534034	0.008539369274444725	0.008545061358675604	0.008346953936777634	0.004764506646647832	0.00886866827495759	0.008541122313558249	0.008178166846321206	0.00982492151633823	0.009610323913358901	0.009680085428019894	0.009201018476857928	0.009980427434102138	0.008813487266355492	0.0079966438963396
NW_023496845.1	13739618	34	0.011009260488804169	0.012183071329979468	0.012226786224194463	0.014272328780709885	0.01430413065678412	0.011194779963876822	0.0117441983498932	0.011927821975145012	0.012108309404315124	0.015577008421865681	0.014408691362884881	0.014580248549531319	0.012284374038402244	0.012072209521796743	0.01937412348525533	0.01153992740805261	0.012267313025471044	0.012142951377347767	0.0050456579212156474	0.012548983310187667	0.012979681537245267	0.01153717191016479	0.013901285072334239	0.013497853825427196	0.014486555775634357	0.012793120116518857	0.014710276759240101	0.012558783000253088	0.01145346910948044
NW_023496845.1	13739618	35	0.011571658965354751	0.01278125267280636	0.012766905276341316	0.015136336215598793	0.0147344968106687	0.011917541565885316	0.012748364396848802	0.0130907332885063	0.01253351738123054	0.016074698473382488	0.015261892940249785	0.014920271475773489	0.013008346494099104	0.012812806408673955	0.019704230767482393	0.012760027741571358	0.012817286272731552	0.012876125805783525	0.007496569850536602	0.013224179198844511	0.013464744686691316	0.012305496353547291	0.014230022480534168	0.014019765460605463	0.015142635057041031	0.013781696495289132	0.015108564316987445	0.013320518528682528	0.012287124609291314
NW_023496845.1	13739618	36	0.010248814549968949	0.011304369575856097	0.010997078786396573	0.013245538088571708	0.013160976158484083	0.010443046340813023	0.01111152053861242	0.011219605119096672	0.011274907818603457	0.014266601560018383	0.013475486047260576	0.013113510101042709	0.011796700829594726	0.011380405900333995	0.01793902018462622	0.011551337609179762	0.011082854736954851	0.011761697009380323	0.006879773829237118	0.011964017199772787	0.011698017092355987	0.010846374944394412	0.012744696402037976	0.01268033036149953	0.013348801114066994	0.012086740785309611	0.013359195742103487	0.011670071193071053	0.010786400947803143
NW_023496845.1	13739618	37	0.009707764445612223	0.010463326206469755	0.01028401607705081	0.012170742033601458	0.012181558215290482	0.009646669502361857	0.010242063749163841	0.010381517328566318	0.010163696779422861	0.013231554390133548	0.012269391649771892	0.012228491675046404	0.010939217677440967	0.010887349296506747	0.01764924219923561	0.010706083035973497	0.0103687115697547	0.010932805397681362	0.006531919159287411	0.011109251611238305	0.010866361608019029	0.010129077733509413	0.011720994873826458	0.012071882559843568	0.012341383577055475	0.010990410137447965	0.01231758971049892	0.010795466616741961	0.010050772602318453
NW_023496845.1	13739618	38	0.010120049838384982	0.01066394336005271	0.010485579634885136	0.01250377662445906	0.012709432420258461	0.010093935170758031	0.010653613686420895	0.010514846579601717	0.010631281058411789	0.013179139332951548	0.012625732892332995	0.012404201240394687	0.011005643448302752	0.011322028316734756	0.016833860068688238	0.010527400650462383	0.010243505910986921	0.010926250377348859	0.006133809206017269	0.011367303691586925	0.010805573626798699	0.010367533457249589	0.011896204932029128	0.012274194842114538	0.012401563491314467	0.011288519500570193	0.01260904924462568	0.011044248657191554	0.01036760674417817
NW_023496845.1	13739618	39	0.009489554819088945	0.010177462912994418	0.010048329652368867	0.012105146434412625	0.011985738900488261	0.009384167241589298	0.010047581445375047	0.010018651797794148	0.010030036941884313	0.013255539187937006	0.01229857617710984	0.011928099579431722	0.010851497133257655	0.010837007617824036	0.016763401509132202	0.010459388727637436	0.0097919134891143	0.010563570239806093	0.006212035317677312	0.011029235895579487	0.010683708094816325	0.009763328368804508	0.011646482426391538	0.011829581821140998	0.012210988708687372	0.010950413060086749	0.012342766952407118	0.010453188826132338	0.009655419122158828
NW_023496845.1	13739618	40	0.01032625895428134	0.010874460114918083	0.010953334373203935	0.012736303324954752	0.012781125059786071	0.010149901440460116	0.010650026951366373	0.011075470159396498	0.010859970936867793	0.013726185636453846	0.013057792922952552	0.012758734441393662	0.01147790542320497	0.011810707913122439	0.017021961585833658	0.011234339806931136	0.010276493615481129	0.011103474441293058	0.00748066913639619	0.011864659531849044	0.011340486928139774	0.010544133737201014	0.01238113760485389	0.012537348197353963	0.012845135541371379	0.011644341381651312	0.012913587810960091	0.011232001743784067	0.01043477918182797
NW_023496845.1	13739618	41	0.011849486928481328	0.01252787384072159	0.012521702098647692	0.014999308250190677	0.015015128561359791	0.01170876370040914	0.012248916868145896	0.012572751803889816	0.012497020233386499	0.01598718970668679	0.014967982182516696	0.014942445063911744	0.013463938488254798	0.014058087292681916	0.02076831940914231	0.012839674054941295	0.0120677037607768	0.012831189209843432	0.009198081245329188	0.013599514762227174	0.013435103935254378	0.012272272143274685	0.014566705630111835	0.01432695364077878	0.015156625058352757	0.013049273637782688	0.015144476510596899	0.012999496993965503	0.011754619616909125
NW_023496845.1	13739618	42	0.013260405295739287	0.013780994655226338	0.01383870270312661	0.016535728535130453	0.016365988899321265	0.012946379433376213	0.013381895964572075	0.013582970471059804	0.014006708598378883	0.017261864241517204	0.016598027806180658	0.01634951115419299	0.014132009915642308	0.015172694187008453	0.020384350853268656	0.013908712120391556	0.013280546318770351	0.01351777303581541	0.008760305880931324	0.014163419291565104	0.014288563328823117	0.013509772548432502	0.015559767814173566	0.015116976091222983	0.016496455885034022	0.014240827998604762	0.016667573489066525	0.01430664817966725	0.013107280421134
NW_023496845.1	13739618	43	0.013562949753888756	0.014416495900848703	0.014161375562678819	0.01687389319341141	0.01680857496327717	0.013360757848964271	0.013587371585407706	0.01416517777768023	0.014565373140170321	0.017542599503861882	0.016808614295396894	0.016753953035783194	0.014795970583912061	0.015893429762969938	0.020447289777319983	0.014645860589158809	0.013052727952888308	0.014373821342689158	0.01009968260551839	0.014820305165755259	0.014736272039114921	0.013915533710324255	0.016334486708787774	0.015630666078721912	0.016814668097891818	0.014715140844185175	0.016887219905061066	0.014876602061570779	0.013457629917477999
NW_023496845.1	13739618	44	0.01346148833328196	0.014726042505475928	0.014435382985081707	0.01710404506020129	0.017029891729076426	0.013489226402599494	0.013924419436692875	0.014228169411912166	0.015096128129394955	0.017982285615437642	0.017211887148518065	0.017301814871700773	0.014873147028338791	0.015519234023613986	0.021885873940488684	0.014456867702386267	0.010561836581341712	0.014325897273919894	0.011201601056222662	0.014578366641138705	0.014745279433307173	0.014267049589065115	0.01601198294105031	0.015649578562452138	0.017077045356510435	0.014714731228319308	0.017084648068892625	0.015028786713306555	0.013728218234502739
NW_023496845.1	13739618	45	0.01076567729582266	0.011912637052270286	0.011779757482620347	0.013688335702105866	0.013734469796174457	0.011075882326907748	0.011424698376081531	0.011550216867828936	0.012406686763708973	0.014795936811685995	0.013880292319889584	0.01376933850225175	0.012472471438399295	0.012978657915448895	0.018663119182706862	0.012447025172788586	0.010844573723975928	0.01171638578492007	0.00952040609687088	0.012021462063642062	0.012119957109522897	0.01178327251319384	0.013425667760036645	0.012950145111786313	0.013897639466800683	0.012468638359029274	0.013884146960421442	0.0124892207944044	0.011085314152339161
NW_023496845.1	13739618	46	0.014223450498809156	0.015604583548367483	0.015828401659532667	0.019178855118208177	0.018997233231369478	0.014821752784936743	0.01508304926765968	0.01511640678875592	0.01631279048877042	0.01968497353925604	0.0189777049078966	0.0189645122237179	0.016614072007707464	0.017352859280258332	0.022806890415027693	0.01662431591859892	0.01528880266852394	0.015765949254340078	0.011355739752050441	0.016239817251465512	0.01670376424987673	0.015413958297348051	0.017898601024894614	0.01730959606788624	0.01913251703540988	0.016319053185329658	0.019185275258424596	0.016253240436035647	0.014827197049159163
NW_023496845.1	13739618	47	0.011541802488290981	0.013001577886285651	0.012974400496753535	0.015948203512778	0.015920514098638597	0.012005993205720468	0.012472495927151035	0.01249759733987834	0.013168681553074204	0.016829117169690287	0.015900928771000584	0.015967401611444384	0.014357772447737484	0.014628335163395048	0.019767506384162557	0.013959121532669356	0.01230552072038755	0.013906159868268146	0.009217442348099354	0.014295083382221744	0.014100174201769327	0.012789407597635723	0.015452195772304802	0.015035427185055178	0.016046191217501397	0.013502405711040801	0.01615561925970439	0.013206960715746683	0.012096957293973127
NW_023496845.1	13739618	48	0.010498646239878971	0.013318164454434546	0.013096164230310061	0.015747418131481686	0.01567356344682754	0.012455853847403603	0.012635528873384148	0.012380896890502787	0.013045483138325903	0.01650410840580807	0.015882812712558682	0.0157689593707619	0.013719954667045498	0.01432857818171144	0.0195811442838561	0.013856223628860959	0.011615636859144792	0.013328191767431774	0.007680669159171766	0.013849083962349183	0.013601404908415153	0.013189323528363038	0.014678666715528369	0.014243425449094179	0.015920900352916212	0.013631266130513254	0.01594527152034846	0.01344876026388874	0.012806091366542122
NW_023496845.1	13739618	49	0.01106807915246894	0.01497086744436977	0.014294597628035005	0.017506570870951046	0.017457895885204824	0.013621514016496378	0.013221054418931498	0.013515182442664173	0.014202800605054558	0.018406498284860892	0.017454252460179707	0.0176363136848285	0.015244684346168548	0.015791293911567156	0.021342833358573714	0.015268127724264668	0.011953063820177781	0.014537340942737913	0.008778446837814867	0.01553448443245886	0.014354049555819941	0.01445894969725537	0.01679488062179131	0.015481050150703017	0.017686148259186647	0.01519884563766183	0.018065553345046895	0.01471155859318607	0.013978593684341999
NW_023496845.1	13739618	50	0.009270224238617005	0.011946374682610556	0.011224766872030598	0.014118741609154595	0.014007072077932413	0.010854469966404153	0.010423931657045958	0.010870005298417624	0.010912428342895365	0.014780967416264239	0.014071174754410023	0.01406986345163888	0.012356974244721214	0.012313278588224076	0.018696409206768308	0.011675249833762166	0.009460928900938134	0.011570735661309355	0.006909463328715123	0.012605614028821472	0.011289385715788896	0.01155687537058507	0.013796986695596576	0.01277689237971399	0.013957078614822203	0.012376007114409542	0.014170827138747606	0.011683142043566208	0.011098900093198026
NW_023496845.1	13739618	51	0.011191182862033397	0.014122582871292852	0.013431159366116533	0.016594331555101108	0.016568338831595888	0.01299202195415217	0.012310290382878617	0.013097662851721557	0.0131690683313856	0.01767165518935977	0.016487043648263047	0.016519395446280852	0.015054186843163588	0.015088169941390226	0.020911226923909097	0.014195815638535678	0.013391722384068721	0.014109351190577884	0.00792592604888398	0.015114567007477563	0.013769889239012668	0.013689772386616674	0.016349840766505135	0.015209346197332173	0.01667904782989563	0.014508040751660942	0.01675356829191824	0.014024298734126302	0.013187947924105102
NW_023496845.1	13739618	52	0.012479568437748364	0.01566577791343053	0.014560134215572328	0.018707193110424736	0.018387415701471076	0.01433128733799906	0.013483393621171229	0.014486046423536883	0.014568809230850245	0.019408788590823758	0.018546185066656118	0.01854198679795312	0.01629106898334478	0.016815298483094383	0.021725812226077768	0.015679821916238956	0.015102628802667308	0.01576446814472297	0.01059511415801612	0.016749452931770527	0.014940266063193049	0.015365082552121167	0.017751735921692255	0.016770936984164188	0.01842597239311146	0.01584852995212901	0.018718382847952162	0.015555391102712323	0.014820566990320473
NW_023496845.1	13739618	53	0.012607172590437971	0.016324387322776777	0.01481196570882863	0.01915246059260586	0.018907656569383677	0.01433804268549417	0.01386830508933635	0.015573121461881561	0.014831008202417707	0.019824209363044947	0.018951365570010842	0.0189784694827937	0.016796452889329547	0.017084039747765286	0.022650535906022746	0.01649242235410558	0.014991062993109943	0.016401280177214695	0.011463836670017028	0.01729384090601093	0.015602262121654161	0.01554710747497418	0.018419015395453802	0.017371189710138048	0.018897454127607478	0.016389510810956253	0.0191299976390483	0.015431710576898147	0.015171085415558904
NW_023496845.1	13739618	54	0.012980311991330436	0.017687019551633883	0.016620039859986866	0.02062770711671401	0.020569456549098347	0.015681256976394817	0.015899324550390302	0.015741186301187503	0.01607740654645389	0.021325498541364483	0.020665355001749864	0.020683036772162197	0.01841868391933464	0.01855532784969052	0.02429761138547714	0.018320845957790096	0.017190090328532498	0.018506907833054344	0.013004696069862034	0.018958033568404913	0.017830666901850464	0.01628597064959956	0.02006486656935508	0.019243670276432066	0.02066324004982298	0.017512460339168714	0.020917252592919745	0.016490328877425582	0.016226880011500997
NW_023496845.1	13739618	55	0.012775590551645554	0.017027959900442553	0.016274183501456513	0.02028293446520442	0.02016680268454815	0.015372131139527302	0.015785571076719705	0.015251724415190102	0.015765907110984426	0.02082188238968346	0.0198945661582284	0.020187801910085026	0.017019366866277367	0.018015632831749902	0.023192206131336386	0.017894217723471665	0.016930032079043426	0.017838457843947664	0.012887307179720604	0.0174910924936257	0.01761010383527401	0.015898008787565556	0.019536051023533868	0.018592628117279134	0.020203785631804114	0.017620598626788626	0.02071995406204409	0.016341349336226905	0.015931603146243048
NW_023496845.1	13739618	56	0.012521674507998092	0.01594712106767497	0.015229141128641509	0.01877085406823634	0.01859580308925365	0.014301704364383378	0.014063657784462428	0.013824038921845996	0.01451473638973734	0.01974619094834356	0.01870672116881086	0.01861092051236806	0.0151721468629154	0.0169965159744596	0.022736027536679592	0.016355031203477807	0.01552217810688745	0.015677604655530922	0.012055133214743817	0.015826642488308656	0.015988378812785753	0.0147182102571248	0.017581425862293238	0.016482852243423652	0.018639183558944512	0.016252496258332326	0.019008235116223387	0.01508262608753248	0.01480039791516072
NW_023496845.1	13739618	57	0.013909196389436385	0.016569583046997266	0.01594167865125059	0.019705462170498997	0.01953009933627285	0.01484899296607201	0.015053157585186702	0.014939967488414134	0.01460899643022397	0.020599394329838774	0.019347235751618095	0.019522163258630897	0.01665390932737192	0.016799401202644667	0.023391858535239035	0.015867082192488946	0.01654396777895798	0.017097495761340262	0.01281106775702964	0.01766518627703778	0.017195740632647078	0.01589297800176481	0.018785565329237808	0.01824194909012735	0.01966093957888203	0.017241931802261207	0.02004785803887953	0.016051371084755454	0.01583248858292204
NW_023496845.1	13739618	58	0.016071109078573072	0.019257596449487196	0.018665095650429023	0.02288096445308377	0.022923657049570025	0.01746417659792174	0.0178696755819877	0.017788450672883704	0.016699785783439693	0.023441842953331602	0.022914638827710526	0.022747135873135666	0.019457184525241825	0.019937406276092876	0.02560751840926756	0.01863014590885915	0.019122950991404507	0.01985900190869891	0.014415192218785733	0.020199732873748568	0.019886209034715947	0.018180843974000844	0.021556324880706412	0.02080041909536022	0.023082048682833044	0.01999967308936562	0.02312693744471006	0.017953677807796532	0.01795887833779271
NW_023496845.1	13739618	59	0.014685896427718744	0.017350462504028098	0.017004606837508103	0.02070815901267998	0.020836463396985538	0.015870180262003014	0.016015949917410094	0.015873930780449776	0.015337000609791818	0.02136196460531074	0.02080847709098475	0.0209396565542397	0.017367850095989297	0.017959881906893297	0.02378233522819476	0.016760928490502446	0.017371646167645412	0.01751963590467206	0.011183931322576456	0.018043404836351234	0.017647868017054334	0.016597902744734626	0.019412077560628342	0.018911866980850053	0.02071956620722477	0.01816383615267973	0.02106519332638113	0.01656440914058918	0.016633677721801594
NW_023496845.1	13739618	60	0.014790879842838745	0.017270113805366027	0.016992454776002107	0.020985305495828784	0.020844909562702157	0.015208851220927716	0.015752352737628268	0.015783486062689	0.015577278911271869	0.021861075557424177	0.02104567139961779	0.020841685914782245	0.016908881908067414	0.01705390355824371	0.025389010148940294	0.017129997907606078	0.0163225844551338	0.01679380437396669	0.00940767790982938	0.01756023337120487	0.018060671704354384	0.016035421659875933	0.019717076717279777	0.018367919084192733	0.021126293678574215	0.017770598747371233	0.021231737093061264	0.016876933936851333	0.015664905186493307
NW_023496845.1	13739618	61	0.012379408117389024	0.01462036976568603	0.01425281378950049	0.017771239941203783	0.01796721478874827	0.012394127952208083	0.012899921721202644	0.013583952474162575	0.01313671563834001	0.018555224839219855	0.01783035578032621	0.017669754603245293	0.01416890429227324	0.015056375341614314	0.02175458939902515	0.014424621285399777	0.013523216484358617	0.014189719551747245	0.01019482159099594	0.014804374690147486	0.015193060475236043	0.01339820342671659	0.016849148670885147	0.015636278696368175	0.017912610319061887	0.015127220310900026	0.018216415961560414	0.014365203819208347	0.01318364521079034
NW_023496845.1	13739618	62	0.012474325540287531	0.014538339318889242	0.014296789556575278	0.01858426969972715	0.018681481954886062	0.012812864489468933	0.012205525695430593	0.01402331904947188	0.013399097344807327	0.019492423358239586	0.018442852641206858	0.018503914140571835	0.015157484916146978	0.015862203877218452	0.0232360212605427	0.014901464384557438	0.014115008933500853	0.015090395475176363	0.010272581775558657	0.015942788851174627	0.016237995798509257	0.013186984511335568	0.017124115958413424	0.016270223976932903	0.018656112100401398	0.015000891021872376	0.018706189332812356	0.014518481893715584	0.012982205364589607
NW_023496845.1	13739618	63	0.01659955461993636	0.018739065149421124	0.018773390270232046	0.023387315060512937	0.023031706492479927	0.016570433978544928	0.017042756198251956	0.018442254139720404	0.017597472559463753	0.023955015565438425	0.02306307679716055	0.023000551114279958	0.018828043707130152	0.017715812366744015	0.027046561779608864	0.016956485571986847	0.0176987749963316	0.018508764572908943	0.012544149967540214	0.01950558994757749	0.019653947549087628	0.017382818971025952	0.020593324190325814	0.01940352418587695	0.02338467726496524	0.01897912061253016	0.02332361546207729	0.01898941543670969	0.01657137736452224
NW_023496845.1	13739618	64	0.01016526850559564	0.015429712389993593	0.015308072909924881	0.01904170786970523	0.01889058683071748	0.013027075481718933	0.013953117268678691	0.01483735705711165	0.014276526344018058	0.019786086520134038	0.01917482316392182	0.019214499649071296	0.01623755538096294	0.015690823110761982	0.021639008915728713	0.014076225091360431	0.014934319520933034	0.015663112851493802	0.011406247044820777	0.016563604724615273	0.015778483395025147	0.013851419716395273	0.017867804988934848	0.016789024237602847	0.018997096987742004	0.015555291809391497	0.019254755014948995	0.015781567527319993	0.012940635621858283
NW_023496845.1	13739618	65	0.011419342823879543	0.021596019202787142	0.020732656381291816	0.027398058930880004	0.026899199453818287	0.0165302799507302	0.01933776600584154	0.020363831874653425	0.01988305134916513	0.027578603045391562	0.026857625884764452	0.027009395291458325	0.022736859996072337	0.02205142185189977	0.029523212241187265	0.020408077260732474	0.021433707797788158	0.022097932386156795	0.014939961709015386	0.02397710113346523	0.021752219974625862	0.0179153074303273	0.02499206012901318	0.023122090895947144	0.02722736285353185	0.020716375762849952	0.027191495859424576	0.02137989675860822	0.015867158461504566
NW_023496845.1	13739618	66	0.009529017742128162	0.016599700133913774	0.015409330445920976	0.021105477356434366	0.020784121648757255	0.01197241212115497	0.013907553285862163	0.015471063107526089	0.015689416375401992	0.021694161388333168	0.02102238077041842	0.021034996814682537	0.017017532662700622	0.017238710886118343	0.024769044711595956	0.016016610496445406	0.016194841922315278	0.016847073502823506	0.0122704219912307	0.018779248279134866	0.01727249196254439	0.013821632749665058	0.019480115655643084	0.018030452960911544	0.02100495676002538	0.01605203520965574	0.02111482384560902	0.01674712410165633	0.011725726126484906
NW_023496845.1	13739618	67	0.00973341141152238	0.01720875954026194	0.015712976146493394	0.022361277718619815	0.02227763073884078	0.011525080167531884	0.014591989342254077	0.016211552050497253	0.0157976382499213	0.023076786510862767	0.0220812482860133	0.022376452557846635	0.018529396749253774	0.01814469704618722	0.025736531324865256	0.016752699266281517	0.016914285145411483	0.018631340654389338	0.01419986605135437	0.019990516493017668	0.01845491754735113	0.015142230960350318	0.021077770992256915	0.019436908416440423	0.02232129711906187	0.016737159404467784	0.022834284255652055	0.017610289668455806	0.012773258495232764
NW_023496845.1	13739618	68	0.010146538600041667	0.018701331677367573	0.01736466601401602	0.02436958193501412	0.023788677268461088	0.012923008045980327	0.015261960825764585	0.017648044410113382	0.01662676148736579	0.024729224000347307	0.023992065470349978	0.024114859553399724	0.020244435949682477	0.019056444987960434	0.027187488034900214	0.016742780024406826	0.018374622451434158	0.020224272876033348	0.015466994946189428	0.021651286236882283	0.020388213020312684	0.01677188300872785	0.022301483185275757	0.020937440726312706	0.02428245522793018	0.018354033388476236	0.024202979446124824	0.018806959459155625	0.014155083625735757
NW_023496845.1	13739618	69	0.010338400677667647	0.018133605272150227	0.017182577586676576	0.02432010886053265	0.024044953192798837	0.012627082746498325	0.015105657075770235	0.01752489674125886	0.015316741127829533	0.02476849904007268	0.023713219841738895	0.02412827608827628	0.020301537801083822	0.01933293860873653	0.027117592428694038	0.01704497640249113	0.018210789070657426	0.020623067834655406	0.016303601810149525	0.02124048271084949	0.020528147494980924	0.01667744524811663	0.02275686649605802	0.02053599758852898	0.0242422944958955	0.018080590011120314	0.024245204684414667	0.018227847203004726	0.013533413638640787
NW_023496845.1	13739618	70	0.01046591415669094	0.017506227948973635	0.016433074451195667	0.02281692366009901	0.022711330809266097	0.012255121354110419	0.014798126456111617	0.016445817632635796	0.014837380018290387	0.023227853222365716	0.02242312301311614	0.022255214231984618	0.019263386425655348	0.01785744413666282	0.025056295988462197	0.015608184035596545	0.01698698445196802	0.019362797637492064	0.014208889771725736	0.0200638534533364	0.019740314712688892	0.016193524081560134	0.02133482287817622	0.019410240651349338	0.022867400579706675	0.01792277269161293	0.022827964811879264	0.01784356625068567	0.01289894795782503
NW_023496845.1	13739618	71	0.008237375696728968	0.015730632590285648	0.015270818147102398	0.021398281805180518	0.021405969041598912	0.01079167417032774	0.013109047721721839	0.014904812503902612	0.013594181751078467	0.022296144575699006	0.021437918511715726	0.021220305643019247	0.01815852818557632	0.01796986973422018	0.02462492388245625	0.016363086738682853	0.01603449607612534	0.018330498346685486	0.013359334170628637	0.018712163862654792	0.018465270511528534	0.014793130076305954	0.020412502506501475	0.018299471765217627	0.0215968957563781	0.016696524875930395	0.021616146033008977	0.017032887487465738	0.012452669300857998
NW_023496845.1	13739618	72	0.005435063286870516	0.016021301525056045	0.015699226368089316	0.021105374913678136	0.021224241998743437	0.010330216847371019	0.012720210895672494	0.014659850569044902	0.014366113863656634	0.02151488680930643	0.02120410711669995	0.02104148104996762	0.018141019017603763	0.01793974448002198	0.023416633206523735	0.016881166286854928	0.01628267852459342	0.018644737403107344	0.011828133340907427	0.018676926782609432	0.017563171629031017	0.014440340562055764	0.02173460290092219	0.02007297512125126	0.02215347526930115	0.01817460895621444	0.022989039792944258	0.018540607198706864	0.01344031135801444
NW_023496845.1	13739618	73	0.005206619637946657	0.013801105737182575	0.014025059562272462	0.01809247299498243	0.018191663685720113	0.009231256113238653	0.011000440452665121	0.012626375663896777	0.012414882075436645	0.019036963952494126	0.01841803021348859	0.018316403807418807	0.015093152433493844	0.015031278134475964	0.021592121961781813	0.013632129336958456	0.013624893880277142	0.015676531099124542	0.010011631036693254	0.015753539054256267	0.015333020601125152	0.012504510671965854	0.01720575487163847	0.015753927427135966	0.018399486238990823	0.014788929651849018	0.018537513315418638	0.014656281308842927	0.010757902884996074
NW_023496845.1	13739618	74	0.009788789266075975	0.0143645296313848	0.014501480563879296	0.018911523641766233	0.01888672796322968	0.009639013799367302	0.011240079215713426	0.012576655319808614	0.011515759959607512	0.019842271776112343	0.01915251002207162	0.019016777624402657	0.015085612018450476	0.014924841812681236	0.023226703769125258	0.012886048473350425	0.013488848892518676	0.015350078440788829	0.008336593521423177	0.015957625862769498	0.016335405089702663	0.012846850699410087	0.0167135498009354	0.015872688238547428	0.018920549406737278	0.01536589058563453	0.019073718388573035	0.015208216139831962	0.010741901677251146
NW_023496845.1	13739618	75	0.009534518956986914	0.01617760845046981	0.016879277244416756	0.02117370014363834	0.02084326990203003	0.010756619572227661	0.01402051243988534	0.014491416636956614	0.01273824422570013	0.02171559068915219	0.021079901950368726	0.021063471269083804	0.016989087475217893	0.016751870895621118	0.024043767129387352	0.014653967584213563	0.01673355370419194	0.017149830166626263	0.006907828801305039	0.018129078373310247	0.018051985656399483	0.014412102868492205	0.018917519038523962	0.017420906770186692	0.021265835747833896	0.016572754085733346	0.02110862177456387	0.01662880812145046	0.012154046646486304
NW_023496845.1	13739618	76	0.011345878886541991	0.0166872576569054	0.016815254716504104	0.0206675313320578	0.020379741200819944	0.011833734205951367	0.013932007470348605	0.015473179617321526	0.013378106845041085	0.02125571930436632	0.020789433100524658	0.02054708715198197	0.016860450277164825	0.016777026931101946	0.023733260555823834	0.014338907234641393	0.016680180059124288	0.016790979954823267	0.004518763991364468	0.01772804253193439	0.01796612485833361	0.014346925075550854	0.018623344102518438	0.01777866767453728	0.02058782753037082	0.017248450077707853	0.020682629196043096	0.016992985511438442	0.012537514132424307
NW_023496846.1	6492416	0	0.0038503632374915246	0.009162656016416814	0.008274163184039033	0.011289099160456971	0.011024592907163433	0.006029322593585876	0.006514708647447195	0.008834244164093417	0.007404723997505569	0.012367257924180714	0.011407910156066656	0.011197042771916245	0.009628514214933511	0.009837653965911318	0.01711537664896561	0.009336292938974632	0.00895578924760847	0.009393863927817282	0.007639810630594821	0.010161636984130362	0.009528703844980136	0.007425493851796089	0.011249682914718246	0.010829017577669409	0.011435945357490955	0.009989013566005707	0.01138730421463443	0.008941523969160332	0.007718467941179992
NW_023496846.1	6492416	1	0.004978023251467892	0.011732236597109376	0.010635334779197786	0.014421208272590084	0.01448764449874006	0.007952183555823302	0.008389908365663465	0.011007365242950467	0.00987015444335359	0.015489709236821081	0.014567009601931854	0.014400054327150559	0.012106404929124745	0.011493783894129302	0.019607036568011632	0.010914091781196518	0.01095940934581293	0.01198073930143603	0.009861737272258688	0.012476558401984935	0.012155579508758549	0.009266861209594737	0.013483223066183188	0.013259883957977697	0.014501655380809721	0.011909273228514951	0.014508849430703593	0.01123248467176379	0.00966914481741078
NW_023496846.1	6492416	2	0.004403660803127955	0.009998755208479874	0.009078531840119954	0.012450860427577448	0.012560422964749988	0.006706364790672145	0.00723782962017832	0.009550755209720358	0.008430391414536961	0.013495140837796356	0.012555720324489981	0.012669742801735915	0.01052093844777578	0.009943249317753727	0.01618060221219517	0.009229814739315995	0.009612892398851785	0.010312775507934316	0.008518045740826988	0.010814084814292734	0.010339222969864467	0.008054940677595542	0.011953409736272578	0.011579206552888278	0.012731677885067532	0.010627316563008816	0.013014949283117454	0.009805755826502338	0.008162722779641798
NW_023496846.1	6492416	3	0.007372095371787341	0.013076823041299595	0.011572688119639508	0.01619673550723603	0.016184438943603986	0.009014382855149626	0.00956772362117422	0.01221287472401916	0.011121547017420113	0.017055259455419844	0.016372740615709366	0.016404947112493205	0.013802950722684577	0.012182005278568202	0.019579356685446272	0.010455818688284555	0.012893462906454285	0.013663151509634234	0.009305293006543876	0.013655689571735997	0.013509250048770504	0.010542202962581026	0.014292194662097815	0.01469959345553753	0.016305465026899692	0.013594588834772567	0.01673400783762111	0.012635415792703848	0.01050165038610612
NW_023496846.1	6492416	4	0.013530148463117357	0.016077181906781087	0.014878489172178424	0.01956555733525836	0.01951717784006086	0.011321108136385932	0.012211914937170719	0.014628690747839972	0.013372430518825175	0.020207043351243365	0.019555381896577993	0.0195381798894815	0.01652516060977351	0.014947731099648644	0.02277943063724471	0.012282742328125247	0.014165176651083222	0.01640562455992622	0.010376825575643839	0.016096636258036742	0.01621597883976423	0.013370768131083939	0.016807092179313483	0.01739436575736167	0.01962460076089323	0.016516776960135846	0.01978788403044723	0.015331941539302979	0.013185620473237918
NW_023496846.1	6492416	5	0.013821044530855493	0.016184041078481252	0.015450201407017002	0.019778516462846233	0.019426369600266127	0.0124132024193402	0.013416428746254143	0.01509342748165662	0.014054659581814838	0.020445378554043336	0.01940282291083233	0.019596799846826666	0.016641874667700653	0.015098351306594022	0.022599291316876522	0.012384977236301055	0.01375866057970911	0.01644245936274536	0.011990003628741206	0.015671648596060666	0.01580742788989241	0.013782288710983697	0.016971964452522685	0.017094811612894566	0.019504173719250173	0.016296675102076264	0.01965008932223709	0.015631522755062386	0.014177872332161594
NW_023496846.1	6492416	6	0.012896003269420179	0.014042062816119102	0.01358385889980073	0.016486341651266632	0.016077873020211783	0.01213372431388795	0.012595795919521676	0.0132062352027753	0.01291781634753741	0.017201044079033435	0.016297500965327685	0.016434343612189935	0.013984375374861245	0.013087229602851778	0.02067162737440458	0.010736035637683022	0.012636120796260687	0.013945852011226967	0.010889984939683055	0.013669651959604873	0.013753193404160903	0.012286924116738597	0.014803677021052342	0.014975695212312626	0.01613184863919839	0.01461822311572147	0.01655695249591752	0.013998844880630995	0.013086535625860195
NW_023496846.1	6492416	7	0.009750235127299079	0.011340765906328366	0.010888037677810663	0.013407377417375974	0.01314719569495058	0.010186138716200426	0.0104234282987172	0.011073704740018512	0.01052496243360327	0.01466061988727666	0.01346547748418598	0.013323848001975372	0.011504797712496004	0.011337602225808038	0.019311184560248936	0.009592337165214007	0.010124321859087052	0.011564609255206814	0.009149975788567606	0.011280032461930031	0.011162771948834813	0.010091328084857788	0.012621511247165262	0.01245612313933374	0.013281960351894339	0.012230121446244023	0.013571118049702709	0.011477458541336628	0.010894696124176708
NW_023496846.1	6492416	8	0.009999758356946956	0.012550372435093318	0.012242336455301407	0.015010761020459515	0.014862864984199498	0.011367136289284815	0.011494641086558947	0.011724869361285266	0.011326679374452432	0.016061199772579342	0.014857848408913786	0.014817130620612766	0.012504210531269646	0.012456281646775973	0.02055984136613089	0.011092314403341047	0.010979739348364461	0.012293106068961626	0.008106513003211436	0.012040083677456485	0.01219875294642577	0.011175812110277341	0.013774052606464506	0.013460511734636815	0.014938642796249738	0.01317541576953865	0.015258839391488489	0.0127383351266522	0.01226183609512022
NW_023496846.1	6492416	9	0.012176265539743216	0.01595930987190928	0.015315462292458183	0.019789346440219607	0.019548392519769673	0.014649736232451837	0.014556105129870435	0.014780529440766837	0.014371300680078435	0.020635963551549775	0.019981853244730167	0.019601653715131236	0.016149733544876192	0.015850787746354154	0.025356188096097413	0.014051649444338298	0.013933825786127122	0.01633566265249849	0.008330390591527894	0.015621049563548806	0.01562511643744533	0.014289193532172565	0.01721700805151921	0.017307397866027408	0.019707596572690576	0.016739321500836995	0.020185644259464793	0.016163358238959778	0.015547607080610643
NW_023496846.1	6492416	10	0.011544014702124641	0.016047718256875457	0.015279697369845874	0.019031586997534877	0.01902096575688939	0.014366267620410024	0.014543565118496398	0.015034542288569683	0.014323302923418765	0.020224054777210558	0.0190212914671097	0.018931212919977968	0.01639562384741039	0.015475562841519613	0.024627031723913055	0.01252099624803411	0.013740621886187424	0.016401142535143843	0.010042046654676114	0.016304209313032957	0.0158834948903268	0.014579909923573746	0.016694884501855863	0.017346832909763476	0.01907842701501055	0.01696460924155416	0.019047806605576752	0.0163208061928497	0.015867006762686944
NW_023496846.1	6492416	11	0.012200547432537718	0.017129118806252498	0.01657380116892117	0.021543132707902896	0.020713582072317303	0.015162074564961953	0.01498442375952297	0.01613179828741059	0.01523616497485794	0.022286051818916894	0.02152928271203931	0.021035254570916744	0.017515735452866197	0.016472481740598146	0.026177410823428303	0.01373870689255478	0.015103361746678763	0.017680158814961888	0.010460146732893312	0.017596079609797352	0.01640646494169913	0.014967064844769526	0.01769265554880944	0.018431370096275917	0.021309277083895288	0.01776620284523727	0.021337177312998515	0.017344282879978083	0.016114150514958545
NW_023496846.1	6492416	12	0.006222377354090972	0.010576309680961448	0.01052006594972442	0.013386807252749298	0.013292376433572796	0.009065061825980826	0.008444811924552802	0.010013335778540033	0.009974188945052769	0.01449086958583756	0.013407873257114544	0.01313571953577733	0.011608772202749135	0.011023325210107935	0.019494576376452546	0.00922008860459264	0.009040180693850172	0.0113339304595893	0.0066209123807801735	0.011448153652060996	0.010149867940921556	0.009134212086749487	0.011672964480808201	0.012481698248867155	0.013159051642292282	0.011545313343083842	0.013473804484177813	0.010813952254295368	0.009771907109561323
NW_023496846.1	6492416	13	0.006890804522446258	0.016964214413377667	0.016961238654121486	0.02174541507804419	0.02176745554816711	0.013605037141283496	0.012446399728961631	0.016324729650194672	0.015212480820394308	0.022385013137975567	0.021390543214122672	0.021701749038318393	0.01823994377718376	0.017570729603379846	0.027006047134641237	0.01501121171019445	0.01526125828233517	0.018105755989426413	0.009838686325488783	0.01803791025053222	0.01669174478265208	0.013094676898816915	0.01844162707564386	0.019178963136613044	0.02168604295988149	0.01778637511663394	0.02192210679762834	0.01673560280655365	0.014835967604193768
NW_023496846.1	6492416	14	0.007250883866220495	0.018267957899353978	0.01791987190614213	0.02373038865071419	0.023584165876430026	0.014578375730820544	0.014546367505309524	0.017406209398655084	0.01631938536631436	0.024319928120650373	0.023298526734033546	0.02384928318357899	0.020178497884775548	0.01943743070468039	0.028364690664621526	0.017313873631674623	0.015464178305977749	0.019880492943108397	0.012393835433700312	0.01986174216239143	0.01780427631072781	0.01341513364384855	0.01970582347905471	0.020889627352330072	0.02338077087765435	0.019094320929558223	0.02340511875019635	0.018110400740916393	0.015886448317394095
NW_023496846.1	6492416	15	0.006145981458843768	0.012714775968091533	0.012953282142436871	0.01695672859181062	0.016841249155910856	0.01065452237662147	0.01073782537000826	0.012363269595728138	0.011965494910727922	0.01733325318553917	0.01664453282288864	0.017062458867501087	0.013557443756465143	0.01272957541595441	0.022652343892770672	0.011673331469050087	0.011335141203694317	0.013149410130368817	0.009617637510744195	0.013912952460648114	0.011602022729081698	0.010391614330401325	0.014183893954673453	0.014439982353634397	0.015976977804472537	0.013932259712352006	0.016469723992394297	0.013705393838695562	0.011446061599327217
NW_023496846.1	6492416	16	0.008524051710193263	0.016856907754948462	0.01695545088926646	0.021854811428728835	0.02150285520767189	0.013374789694220339	0.013886748819028258	0.016311139633135577	0.015660650426774038	0.020984856962329466	0.020608409426255445	0.02184763659700261	0.016292382451535435	0.014736147600326642	0.02712280381574438	0.014919801344200921	0.015097777449579512	0.01591862553128512	0.012250033441226722	0.016496701999940834	0.013345153881376429	0.01326361263437751	0.017105054416033633	0.017303274898895854	0.019493127273863015	0.018345147096057102	0.01959287036743852	0.01760524801382881	0.014584165799024523
NW_023496846.1	6492416	17	0.009928046033955078	0.018927060166233637	0.018520345106334747	0.023862264223942206	0.02355891807467171	0.014147142075649335	0.014727315188896266	0.017334896245665022	0.01685965435764249	0.02321638825891662	0.022793444000543586	0.023797011810396666	0.01816974526847363	0.0167597504789239	0.02885446814176593	0.016781733068014112	0.017774722917193658	0.018014881415352003	0.013824698585454024	0.01820456658442145	0.016103399560697288	0.01481788071908674	0.01966652810965863	0.019223942817416437	0.02181580130756856	0.01926953275060002	0.021909066800212353	0.018947004553078017	0.01600308865411318
NW_023496846.1	6492416	18	0.009992421353087744	0.020691164477965505	0.019648524649985722	0.025608030850855976	0.02540500708911034	0.013937515169670176	0.01567112742409485	0.018491334748437387	0.017550055322238942	0.02440389363523068	0.024002588355774575	0.025336462055420672	0.01914458429833373	0.017906100022718183	0.0304495922949278	0.017467113653438088	0.019588662318787333	0.019049980946359343	0.01654115203497547	0.019279331985859096	0.016188221635021566	0.01519437853127406	0.020865109152224212	0.02057402493006606	0.02285440312123066	0.020542912393908912	0.023362056389352587	0.020041382029093273	0.017028126794079196
NW_023496846.1	6492416	19	0.007442709852140919	0.015889304021415335	0.0154406686092813	0.02014945785728358	0.019960283444550364	0.010589970860351391	0.012334623759375173	0.014661397499834791	0.013361905573582307	0.019432781375278776	0.019123277519289522	0.01990919260925822	0.014773098034431787	0.013894874403726642	0.02499021014419856	0.012578814880775606	0.015054333778033835	0.01463830561638427	0.012695675990791442	0.014991594777344755	0.012511279950165016	0.01163994445022439	0.016322635628836932	0.01594704339681828	0.01788980820655703	0.016370152039955982	0.018176600121715753	0.015459190226168342	0.01332136913968119
NW_023496846.1	6492416	20	0.004779405358097212	0.01064812489470807	0.01043042867968157	0.013340189969574678	0.01335021077482989	0.007990125540900386	0.008663238749792504	0.010118476777263994	0.0090792150524002	0.013690725843404186	0.01298542259930393	0.013449576797871003	0.009954405126959375	0.00902939854630733	0.018349319074672542	0.008033721906206763	0.009808816512287918	0.009873832472031933	0.007118799329281401	0.010367698297455772	0.00898972371264425	0.008553402418661532	0.01095838802949462	0.010933513874670679	0.012164418759535134	0.011153206899181962	0.012367359554094808	0.010797885688292876	0.0091620535077006
NW_023496846.1	6492416	21	0.013201436440247627	0.019422701886882002	0.019069901115490735	0.02491446274939125	0.02473581619055507	0.015194231183454367	0.016650997935764675	0.0179194046731861	0.01696544726071095	0.023864766536067367	0.023574416619075562	0.02491920221145016	0.01766843299924004	0.015984434346910655	0.02966710009065941	0.013511154065245255	0.016571143381403967	0.017825875528419768	0.009864279537198203	0.017727978575445058	0.01626284993146017	0.015371231994068353	0.018280017959848304	0.018737612256347333	0.022496018159624317	0.02006034221313814	0.022490231422525413	0.019492399089202868	0.01639858900426038
NW_023496846.1	6492416	22	0.011428509554711988	0.01426261750180041	0.013809596395810954	0.017459909744020372	0.01745521839272056	0.011150907319749421	0.012775271702113861	0.013254400775006663	0.013186077614473685	0.01805408136839325	0.017251589210750616	0.017647538918199545	0.01336373736669223	0.012752976386037411	0.023643290439910727	0.010840553310902305	0.013831172212303917	0.013540442168228696	0.0075845875910535345	0.013851655837662772	0.012961273439023667	0.011705142988093133	0.014313242493613345	0.014242955626304166	0.01640166682621272	0.014729658140917205	0.01665587341105511	0.01444574438604022	0.01228091180350643
NW_023496846.1	6492416	23	0.013542578253128022	0.01640386695987887	0.01575057163686508	0.02124804578150291	0.02094055106199238	0.013172251067543123	0.015132810140416423	0.015408421139783909	0.015196716624765103	0.021011177907448764	0.020583342185292203	0.02088719175712502	0.01602709700316772	0.015041287603331257	0.02610040010438068	0.01245316048066927	0.016643347435055716	0.016094641288061783	0.007595008822428214	0.016400976457175934	0.015556531262396416	0.01318338846270726	0.016648229577954886	0.016842888781723055	0.019664135765685983	0.01668751869624867	0.019791013657726942	0.016109895578969722	0.01389375006918689
NW_023496846.1	6492416	24	0.015392290317371944	0.01849568078602731	0.01737417842102305	0.023633922743407438	0.023451843876694512	0.01510216747017114	0.016965827749079853	0.017066019203795586	0.017098221320196894	0.02315836922669486	0.022812246236972436	0.023429222781418887	0.016612268565525876	0.015993468387222258	0.027889463563232547	0.013472382321359269	0.016245096885128523	0.016485464395783026	0.007769875418965381	0.01694372083178108	0.01659245665139023	0.014730145467338132	0.017615046258680524	0.01728534812248738	0.021821977782491196	0.017852111327020335	0.021917433235688937	0.01777104781603769	0.01509853940530425
NW_023496846.1	6492416	25	0.013620070650935635	0.01700289512090354	0.015826013152777627	0.02080697681341025	0.020669604806178184	0.014441599272043668	0.01571479910573137	0.015339170652741325	0.015379940075591517	0.020615728533719416	0.019891748723051075	0.020654215613278553	0.015564789748024905	0.014701693576786098	0.026454585226103104	0.013338553212693524	0.010885048362662277	0.015608726663781942	0.00975605177949316	0.015535182192595942	0.01471443421738623	0.013676895821368657	0.01703973967048627	0.016032873159873996	0.018926085951741337	0.01691150624892849	0.019095118334446715	0.01624138355049768	0.01434494568203011
NW_023496846.1	6492416	26	0.018594470634440294	0.02356134954373165	0.022458697599212145	0.028690039418412337	0.028235721963032024	0.018862145809501397	0.02127552245678769	0.021193261632219604	0.02094140836413169	0.028351568322615667	0.02755101182919322	0.028405714297006727	0.022753632847577938	0.021942271995363943	0.03329899283136549	0.01993621571748612	0.019259381643134066	0.022541689701650724	0.01468383406072346	0.022920542918600746	0.02218828847543136	0.018460547598164505	0.02388849998808373	0.022863227596705504	0.026894264072556174	0.022833788782582225	0.026863699618793917	0.02270966562177969	0.019609818766474777
NW_023496846.1	6492416	27	0.013610712949262173	0.01708603900297242	0.016136482109547205	0.021476951294656474	0.021144527836725505	0.013609032515045597	0.015327011625099767	0.014812853613050824	0.015290835634989234	0.020763414364535965	0.020546758989396077	0.02125243517515752	0.015805117237651652	0.015061159865035456	0.02624358034218008	0.01427912259418013	0.011199645504017166	0.016047580418580665	0.011685588404911254	0.016012262751310718	0.014396961184886193	0.013621985045794177	0.017313731596929494	0.016441120060597423	0.0196003104864124	0.017199418427777568	0.019472589007542618	0.01697167854803143	0.0148001006479274
NW_023496846.1	6492416	28	0.014036941362144083	0.01818853798932396	0.016754073678009126	0.0219093846432362	0.021570444212807818	0.014606089462201915	0.015607862950324968	0.015417646474681546	0.015187390916353188	0.02163536396883561	0.021207172217576818	0.02180550185757541	0.01678531288679632	0.015682550133691436	0.02729508477297865	0.01343095196986379	0.010922109547742097	0.017056029644356416	0.009977076714104069	0.01653738703094064	0.01618302060881297	0.014695207691584413	0.017601755612745445	0.017463301074728096	0.02048603169897861	0.01797496896705936	0.02057419498692591	0.018192650932885936	0.015436386340728045
NW_023496846.1	6492416	29	0.010891942841858255	0.015088158927817282	0.014331851556180332	0.018646782703951405	0.01831505494712968	0.01208171379364884	0.012740411992072384	0.013045444696906711	0.012636886793836578	0.018323082869808095	0.017844403994358802	0.0186254664970419	0.013658796519054604	0.012701311080768288	0.0241693673911081	0.011218945555915136	0.009436604400019779	0.013889636249248648	0.008660828012823633	0.013718848066488274	0.012555408204584614	0.01210333596509211	0.014571845576038031	0.014404654283910847	0.016846097273852924	0.015140741969986644	0.01703274173370754	0.014466948935484749	0.013036663269716463
NW_023496846.1	6492416	30	0.011179860348471241	0.015060537898494368	0.014538352959264407	0.020769001551781078	0.020355879279893203	0.011313501077380392	0.011859582996146855	0.013339066780108384	0.01093908505085818	0.020319904864550063	0.0196943390107629	0.020409809267697917	0.015123412146069921	0.01524087617245192	0.02602544906181534	0.015217450009998332	0.012072454971198172	0.015708478785868604	0.011961148809072092	0.015778717659063964	0.014152123987528334	0.011501669769907352	0.016820632596510492	0.01574660086763636	0.018798651716462403	0.014259267793790048	0.018885721530101963	0.014772378923687301	0.012551886764097431
NW_023496846.1	6492416	31	0.011767132823144628	0.013905347552204118	0.013847345348781471	0.0211281493813044	0.021014283897862793	0.009469341514999858	0.010937798485721415	0.012923183165943096	0.008842995453176634	0.02053079058369193	0.019857484842091294	0.02117707007266945	0.01545050964181037	0.014551768716823215	0.026355335034146252	0.014343925229155887	0.013375431204322484	0.01598922749008189	0.013628016831782473	0.016226271014162047	0.014022103835595448	0.010158813423531997	0.01711191572436109	0.016293838339496665	0.018836055437340852	0.014285709050394715	0.019219428974876565	0.014413267827205273	0.011329998268327097
NW_023496846.1	6492416	32	0.011508460141936962	0.013929388700078758	0.01281656995906588	0.021805576654155178	0.021316919878011174	0.0090003646247233	0.010580938146548305	0.012739379816323672	0.008730977782109177	0.020960989716402697	0.02050103329155606	0.021489333785590942	0.016350529778727554	0.015579104590317968	0.02681987929977277	0.014961164914719188	0.0157017376931491	0.01655940713007922	0.014482976348670492	0.017276828383217042	0.01475491174926573	0.009385019530665603	0.016879715024360052	0.01701644837889734	0.01958385605312315	0.013695662911740144	0.01987115574289083	0.014278376786442459	0.010478901676729713
NW_023496846.1	6492416	33	0.014389903182261405	0.017697444838772645	0.01646155864526815	0.027560809436102732	0.027551228798172785	0.01162838866099426	0.01266668900583784	0.016653981530477868	0.011743880395513124	0.02680291659648547	0.026338250557773262	0.027470413798955793	0.02089758883677451	0.019804135411027227	0.03190666991102622	0.017212388872684687	0.020199590933724084	0.021411067445887694	0.016652365852233387	0.0219801608375066	0.019410033139807284	0.011861904670003908	0.021631344453812346	0.021725346702760395	0.025340623131191196	0.017015288922998608	0.025614301600161763	0.018004397703435537	0.01427249513633834
NW_023496846.1	6492416	34	0.009327925227833805	0.018964256601815697	0.018640135590578057	0.024960817891175806	0.024950052144739544	0.014157636733079909	0.01648030923160491	0.018754686718940882	0.016689593488888817	0.023973617925390215	0.023676335201939933	0.024874452526497892	0.018081480018405347	0.01830271891131375	0.02924742142616093	0.01795466613738674	0.017334904658101453	0.018736396246329386	0.01667224198958327	0.01935972365498765	0.016688447768298288	0.015636254217834437	0.020149401459183	0.018863615154341953	0.022634641003296038	0.020160997240282766	0.022682688696861998	0.01915078189846444	0.01820750756240105
NW_023496841.1	3772065	0	0.009342884674449641	0.013408518470921088	0.013240751809405935	0.016213243014782844	0.016212537219824925	0.01027687108761362	0.011192396856070172	0.013024901152839136	0.011162514565138256	0.017165359176995697	0.016349780488264073	0.016097691228873605	0.013083044552754759	0.012744966403812837	0.020831020423223146	0.010751553296030092	0.013284607918028287	0.013099815234144297	0.0044446750547556275	0.013298378548761272	0.014373571438623107	0.011363733098778698	0.014665695611769808	0.014324359823691412	0.016482534851030056	0.014050390254090463	0.01633230883488964	0.013742471178099316	0.010512849781756638
NW_023496841.1	3772065	1	0.009831545027193515	0.012702461291742856	0.012620452206339965	0.015850276689981194	0.01564870574815814	0.009968438287087314	0.010594058172689231	0.012539125393401017	0.011151389222954377	0.016670324242030507	0.015765866792108372	0.015553086128860139	0.012696454700379306	0.012576945492520723	0.02125273870915851	0.010493666726171406	0.013067465435030944	0.012705883825702117	0.0032129563105630908	0.01304052734892974	0.01352997511769539	0.010638489681787143	0.014095678254263036	0.014042178619890626	0.015532166316294945	0.013414584310055353	0.015821127026204404	0.013111509068322442	0.010596376077138852
NW_023496841.1	3772065	2	0.012617583154464556	0.016843656313093376	0.016400155416532492	0.020104998491378426	0.019816446834296262	0.012924713889142559	0.013470366451085397	0.016662532851090834	0.01573124409745396	0.02087522179717048	0.02012714626680342	0.019886700933165417	0.016291531088776207	0.016096868153778518	0.02487906141560646	0.01349160075503783	0.0165238520297454	0.016576736043771526	0.002737592071616822	0.01695318327032268	0.017414343740242182	0.013685227428833624	0.01750397278889709	0.017406752496210758	0.019810715553588175	0.01682277282239044	0.020004735272215354	0.01676897986106823	0.013959644956492587
NW_023496841.1	3772065	3	0.00943522590256886	0.012262258801842054	0.01234344327561096	0.01529691982482145	0.015125802401535089	0.009708474367304784	0.010416853368887513	0.012277807853942573	0.01237194267340757	0.01653167378057238	0.01539085588832115	0.015398508095157927	0.012745246063232837	0.012375583983842328	0.02154316108088867	0.01010159557717404	0.012566088299663635	0.012791468155356554	0.002539976810750767	0.01332539508658253	0.0133626778444258	0.010512471585572215	0.013854722596168935	0.01380639762962532	0.015254772277988106	0.012536822620225919	0.015466262541512338	0.01240300087611826	0.010625471049938
NW_023496841.1	3772065	4	0.013493084818060365	0.016163902307577735	0.016222520865581062	0.019688107673670185	0.01960969280093497	0.012900793413321595	0.01359093844432839	0.016016767467136483	0.01595410946913882	0.02085163318972056	0.019602050498551633	0.01967416996036104	0.016150727352234485	0.015899035457027373	0.024786462371199972	0.013024688773838769	0.016859525548196603	0.0158245234487438	0.004187470925686757	0.016669348367311508	0.016530550502606493	0.01347584232865233	0.017463249669414586	0.017343096073893983	0.01969433195896292	0.01639705085925098	0.019664745315748935	0.015812420399254894	0.013655504293832216
NW_023496841.1	3772065	5	0.010541092707300017	0.012326168266985767	0.012038267750981537	0.01476502218749732	0.014776863144581298	0.010051265170505398	0.00989883952256275	0.01214436279274583	0.011569852516789408	0.016289442880987683	0.015042111309948501	0.014686044351112062	0.012435455830557437	0.012393198747851056	0.021596811835488068	0.010961257578755584	0.012396042685125692	0.01211591468746748	0.005629264122611629	0.012908805470965706	0.012158591867202997	0.01036385660644506	0.013588768384045016	0.013706664048368053	0.014870169604976034	0.01280455689306571	0.014975489540563975	0.012407746797605774	0.010594881863039356
NW_023496841.1	3772065	6	0.015069718455579108	0.01751389875184416	0.017121438981859437	0.020989246051301622	0.020767055641570872	0.01468009451103504	0.01376383446563593	0.017133437846921177	0.016030073226406216	0.021878488598614267	0.02084173056646773	0.020875926849436746	0.01755737091339406	0.01776248362695368	0.02557630632730074	0.016150581781774826	0.018159680546301755	0.016939885100184224	0.008284818049998983	0.017997976577297226	0.017708540423778774	0.014592658246198919	0.01902601078435592	0.018697360942923083	0.020859798601997794	0.017690853161959865	0.021174233270305588	0.017298477931137184	0.014836386095503766
NW_023496841.1	3772065	7	0.013943757665377315	0.0158819709403618	0.015732287923706186	0.01927938897948149	0.018970221954742954	0.013274252024001057	0.012576738149911641	0.01564997057745783	0.014700159833063508	0.020265945124309084	0.019085715806469727	0.019286468032194873	0.015791649762763087	0.015888091343102585	0.024131984699547474	0.013756932463496428	0.016464623325173094	0.015128746913484543	0.007558141676489857	0.01632121046494157	0.015902100646242784	0.013692937191970426	0.016848972726714886	0.01725263982093094	0.01923022698708365	0.016544843931137945	0.019421171852420472	0.01588317784746153	0.013527519357870964
NW_023496841.1	3772065	8	0.01510126253572798	0.016247231662010888	0.016035394525678787	0.01990644806449446	0.019742621684464855	0.013762081405767429	0.01366638885395016	0.016367951007040922	0.015502884743486347	0.020936065961798332	0.019884090740946953	0.019907566320223207	0.016780508609099905	0.015937044055254472	0.02433851504926409	0.013692656110447305	0.01608042267879035	0.015864349169748642	0.009468367337581786	0.016898025707179593	0.016658275117631873	0.01414941765311634	0.01703139700483799	0.01803188992118283	0.019888610567962862	0.017265472828337007	0.02009190415267747	0.016345519359008086	0.01415382214317751
NW_023496841.1	3772065	9	0.01459553153097198	0.016562308371437327	0.01648129821021099	0.01998848740879234	0.019569345470104225	0.014202505874862147	0.013557458623188731	0.016614278241668192	0.015292078646337255	0.02099081251211459	0.019967782734652138	0.01994326411480204	0.01670526459620835	0.01611437519784159	0.025327755801795845	0.013245794427815627	0.016146531004194404	0.0158318561669272	0.008971038942814362	0.016842529471518812	0.016349693600066172	0.014117473419557568	0.01682396422140388	0.017837169243402198	0.019823269777529354	0.017163594689751222	0.02017606691949615	0.01643543766811599	0.01471744866570837
NW_023496841.1	3772065	10	0.01276824708335611	0.015048492337327586	0.015290660422799824	0.018356652593332135	0.017973847656279473	0.012866921302626408	0.012559118996613619	0.01528688420835189	0.014456684857713122	0.019191789693835674	0.01828143653297758	0.01814739447380261	0.016213412328453913	0.015418825887994928	0.023208412039729363	0.012868745885199078	0.012840616146711328	0.01579091082500109	0.007920369999637963	0.016255252254102612	0.015950995869434666	0.012886724217898354	0.01631228390805203	0.017203242041847512	0.018186867822608567	0.015869038791873704	0.018616684138405195	0.015604277823319416	0.013471667882353532
NW_023496841.1	3772065	11	0.015262818167483993	0.01775422505013266	0.01805578549455463	0.02202401561505859	0.021649681169288917	0.015020284885841279	0.01567099172775306	0.017998566187399236	0.017382854539061496	0.022902623854511705	0.021584453411184118	0.022054903907405478	0.01827384258115264	0.017366027104652338	0.026253485087716372	0.014615227403289341	0.012849953611371798	0.01780795341870458	0.005171218952660171	0.018498249238402115	0.018658781418959467	0.015495787983877607	0.01775494139621758	0.019632667367438805	0.022088876478393037	0.018982210697008502	0.022176400246877576	0.01843930519806343	0.015743372346583916
NW_023496841.1	3772065	12	0.01522547001530998	0.017222787200959034	0.01767566225867026	0.021579403571257122	0.021001983154530612	0.014516636720400378	0.015148430643419569	0.01733034906673476	0.017410607823684542	0.022286631359113705	0.021389344112692766	0.021408119182932558	0.017859182810163143	0.017522702537460917	0.02657484909133239	0.014517025850580534	0.012957434455883746	0.017497644306181146	0.0031774225490612644	0.01802303919966027	0.018547067211470328	0.01525235392848861	0.017713481009799015	0.018920076375756878	0.021455443762705525	0.01856063457839274	0.02187008483829963	0.01853698782464845	0.015665368760019022
NW_023496841.1	3772065	13	0.01350755261211838	0.015292959499149035	0.015309308154291495	0.01901315501225873	0.018797406765078004	0.012853156249972244	0.013541686238813208	0.015326433742037935	0.014913135212271233	0.01999740200745642	0.018785829979158456	0.018650849275834706	0.015096563200837406	0.015127776723259689	0.024045315427706934	0.011821016133761018	0.010705357230546714	0.015059809417754434	0.0018533886186254255	0.01521308819582276	0.015755155781253805	0.013584972186543877	0.015520512928076909	0.016695149400413053	0.018901066150980243	0.016737674151691535	0.019051139028632612	0.016352524395479056	0.013827037163594935
NW_023496841.1	3772065	14	0.015305550516490534	0.017918287627426175	0.017775830536587437	0.021764271788928168	0.02145937439425563	0.015370021071080615	0.015891277111962004	0.017520664656429676	0.016872008610648827	0.022645541378928134	0.0216909591103857	0.021847889348035724	0.01867674870589159	0.01823206926669689	0.0266429501433878	0.014010363519855672	0.013412040263638809	0.018536194803039134	0.0013769709995114013	0.01911641442691635	0.01860849134036993	0.015444802207250268	0.01831695929276084	0.020111927496146265	0.021767963262667767	0.01855839099371179	0.02182029179798311	0.018750924328159557	0.015929551080508163
NW_023496841.1	3772065	15	0.014195175483959405	0.01671158101659155	0.016499259004903014	0.019088268432688953	0.01938992254122137	0.014130802837468337	0.014798294570052814	0.01626017656874741	0.015956651978643314	0.02032613923830898	0.019409985375258905	0.01955443171806111	0.016633235371615648	0.016520123093788773	0.02478101598637953	0.012711472822394789	0.01185140840297121	0.01650155679452587	0.001659957352971653	0.01694614560391095	0.016671923497872294	0.014296862744826683	0.016488916491637494	0.017853054601035655	0.01950417470877736	0.017081854304148467	0.01970835268950185	0.0170597225698287	0.014636953380432522
NW_023496841.1	3772065	16	0.01705622462445779	0.019922669856079742	0.019577480905557356	0.023737324050204338	0.02371595412932641	0.016741408280154947	0.017021213906719918	0.019408161149151466	0.018474125204378085	0.024358606320135093	0.023369181400276363	0.02364982962956818	0.020302984381851817	0.020203012985236305	0.028341387871600694	0.015867429102741075	0.014853566103820107	0.020066945232306496	0.000826709412759986	0.020613838324200332	0.020271270574080215	0.017069157161986218	0.01983216109614848	0.021416013974089293	0.023384974817334137	0.02034893212957027	0.023745224481793593	0.020404601598592857	0.017620487372047088
NW_023496841.1	3772065	17	0.01683132630119612	0.01852550456087551	0.01823513418572029	0.023206246700002976	0.023023141794210864	0.015787844089585362	0.01592945847445909	0.018205124004294995	0.017214674157782092	0.023568642504996056	0.0227146828225584	0.02299956598841437	0.019211617268512303	0.019234456282483284	0.02742601588429425	0.014929903630592036	0.013948625614432789	0.01912251936638438	0.001513744856617818	0.019845465869957005	0.019444675048981955	0.016146255697561628	0.018857483480845035	0.020077930123022517	0.0227074063342248	0.019035343189539543	0.022756335711708677	0.01942673603556854	0.01688557786045395
NW_023496841.1	3772065	18	0.018147871621750838	0.019855923097361925	0.01963980739750853	0.02441788543401004	0.024151120900897924	0.017331717420172147	0.01713858200879385	0.019572906160937164	0.018202968875791148	0.024209204311682997	0.023673744624547327	0.023972516256997325	0.019814665739413546	0.01968120021500012	0.028546201805518222	0.014926925823254498	0.015418792314233862	0.019708145789993227	0.001397539535282117	0.020370565523166746	0.020275393011150715	0.017381992446422335	0.019042791294741998	0.020583049895745508	0.023528647317245854	0.020205061692335723	0.023732227209060725	0.021064883567131883	0.01866168204576571
NW_023496842.1	2783430	0	0.0029246781744154786	0.003769420958443348	0.0034926283792648563	0.004996938804335609	0.004500709475756593	0.0025437231240567596	0.0037356943168174095	0.003390279197227934	0.0036047968158210326	0.005313977000308597	0.005359551288785152	0.004894457339722492	0.003985773374339535	0.0046464718437865	0.007218500377876293	0.004144959883203165	0.0040165177973507556	0.0037890125636814947	0.0028930743546102177	0.004426377546766778	0.004045156353461818	0.003512989160040354	0.005923307166995747	0.0061376661552157725	0.005356192274362514	0.0063021932256239295	0.007095918830115643	0.005077494805199896	0.003566323097804595
NW_023496842.1	2783430	1	0.002345535204222611	0.0030550115516849163	0.002627317245879872	0.0045042692631880035	0.004187726516574259	0.0018665549456521957	0.002778741351392618	0.0026125129011224345	0.003302474560373684	0.005137709571052467	0.004844497160052838	0.004389424894547846	0.003662479762382149	0.0040737431095683035	0.008520575583156123	0.0036739323989294103	0.0033503327193692687	0.003586103500564387	0.0030126842803479895	0.004088446523134539	0.003659257284050412	0.0028355298304279	0.005892856407380565	0.005563907548371092	0.004904445087254837	0.005251045893344571	0.006377769413298218	0.003989775919758608	0.0029338106866334318
NW_023496842.1	2783430	2	0.0031495654994642707	0.004080705065237719	0.0036971418739021994	0.004939898063457557	0.004764706901882645	0.0023204975241465212	0.0036592258563901206	0.0035413140232587524	0.0037575465219223995	0.0055638133211294225	0.0059586470320519905	0.005655255603410894	0.003949734340386629	0.004952037658571328	0.0083206823216665	0.004298958733954749	0.004419749662408179	0.0037858644964400756	0.0037369705200078424	0.0043955662057605744	0.003983427412879277	0.003374303013672773	0.006321281443774972	0.005678644245346548	0.005768799511977843	0.006219953241414617	0.007356957097434066	0.005088036266704279	0.0034523401576551536
NW_023496842.1	2783430	3	0.0025772442713326883	0.003471172349199728	0.0031741744227875668	0.00477768973579227	0.00448991241855297	0.002252937107189403	0.002934981785148104	0.0031714552427402763	0.0029042280812128316	0.005417392742949722	0.004967669194479189	0.00519371471341916	0.004062029722628434	0.0042610544323692595	0.009022576678924341	0.0037681278846059094	0.0036847102917625984	0.003924343806687294	0.0030795986274323437	0.004554084413963983	0.004019347269351541	0.0030957557299019574	0.006061679496988081	0.005855575553321481	0.005295445804318382	0.006089865186825869	0.006503900619026766	0.00454189183819814	0.003015310502766772
NW_023496842.1	2783430	4	0.002836539350340604	0.003924603984069319	0.0035109068593624387	0.005320382356397392	0.0054312244492956815	0.0026726243526492026	0.0030606888171407966	0.003490380059641384	0.0032757878622223673	0.006236034359722365	0.005943131884478879	0.005417082113698215	0.004483588385023211	0.004413213293503223	0.009073166575523255	0.004073084138935801	0.0039021630758822425	0.004333374502273021	0.0036349695964270397	0.004695236428098568	0.004702746111974763	0.003430772551302136	0.006164459417684004	0.006026584704634437	0.005576794174761805	0.005499106110907145	0.00658959297488221	0.00461398081731222	0.003317987354986582
NW_023496842.1	2783430	5	0.002636553748524025	0.003559605000076018	0.0030515056461487455	0.005292189747911887	0.0053894378378737855	0.002404734418470744	0.002656844300755209	0.0032210178210391066	0.0026529915196935776	0.006103797639642556	0.005572855508353484	0.004997539902424945	0.0041368677085424225	0.004077312311172543	0.008231135616674504	0.0038290950541247227	0.0035869408181926953	0.003906561496629374	0.00332835352366171	0.004588567727206933	0.003903806526744629	0.0030038502395295943	0.006076804969370618	0.005999818395328202	0.005477262532776865	0.005445674460267876	0.006754349914084292	0.004592813126480693	0.003014218859119477
NW_023496842.1	2783430	6	0.0020272176943455286	0.00282535901604075	0.0025185242863396125	0.0041173045857932885	0.004234953718687712	0.0018537504543056878	0.0021952185693922418	0.0024262055319237553	0.00231621907998066	0.005087116335839971	0.004497082526790993	0.003976468917656622	0.0033507317929558533	0.0033002395441027615	0.008653458042214764	0.002910133419960033	0.0031068914695205033	0.003151771166662475	0.0025358759362306437	0.0036827247653570807	0.0032177914057483583	0.0024848871096297743	0.00528985936602847	0.004871518926319836	0.00438568141770485	0.004631648748020797	0.005549230615872198	0.0035401387588676475	0.0024632782078191358
NW_023496842.1	2783430	7	0.0022814869301991986	0.003113513909914213	0.002891292023063801	0.004094500378717065	0.004315804174457494	0.002059581552392493	0.0023585962005885927	0.002568130758102671	0.0024643316024475907	0.005298240802728266	0.004631617000909737	0.004259358207768303	0.00345647396887938	0.003488505187064021	0.00848542855216764	0.003233624532147738	0.0031596310539500974	0.00331776468315057	0.0031069673410637237	0.003979018787626239	0.003397061238054022	0.002670651216450369	0.005403235841210019	0.004969110617792206	0.004604896018874187	0.004729196719916741	0.005680152516711547	0.003654956206528973	0.0025319794217527705
NW_023496842.1	2783430	8	0.0018901672366312564	0.0025500556146213172	0.002237274334681349	0.003736670056895892	0.0038491562774544672	0.0016226886518133422	0.0022561107055125915	0.002262282408220229	0.0024427005801184675	0.0047154949239915	0.004131472109047211	0.0037211816473685954	0.00400088593725727	0.0038345051044861625	0.007084116840893934	0.0033752407831047493	0.0025620829132661036	0.003475738867656475	0.002536227730100358	0.003820425186755846	0.0031003988907806384	0.002398500913728269	0.0048889297819417555	0.004952701937639174	0.004294846004112878	0.004422317779473508	0.0052527014457573	0.003143810514167178	0.0023368127820017734
NW_023496842.1	2783430	9	0.0017153325148473945	0.0022290787559111286	0.0019464851900369783	0.002930327834785443	0.0029657663164525745	0.0014914306763736081	0.0016876696945729267	0.001925949364932635	0.0019839738870879634	0.0039134263002719456	0.003221594410458474	0.0029042080698913207	0.002531608274904669	0.0024849290643465683	0.006933355817295661	0.0022163076328768475	0.002057846450631215	0.002283370412102638	0.001981337510489575	0.0028324057864842276	0.002437630546364302	0.00218191126394327	0.004548626484197448	0.004398720319095835	0.0031790774615165236	0.004313562381277213	0.004399120437161156	0.003034579029616555	0.002129398633195871
NW_023496843.1	2338044	0	0.005662892849323022	0.007031943526629384	0.006291263977720587	0.009203406951903635	0.008830001497331885	0.005447828822540498	0.005734340517927816	0.006331131347069282	0.0059921145034309235	0.009767380376396642	0.009962524753112453	0.00911473194196262	0.00722373491795595	0.008581993746201083	0.011305262234129573	0.007895561528812262	0.008072025851803567	0.007336211504266334	0.007073899594737534	0.007814439233158879	0.007557419798768076	0.0056979220477946365	0.009942583078439284	0.009345394996324032	0.009457487705691128	0.009306805615570391	0.011134295792745271	0.007372602049003832	0.005669172351377961
NW_023496843.1	2338044	1	0.00581206489588474	0.007241725565178596	0.006379812014977591	0.00860891332100783	0.008643381365570567	0.00556546681147432	0.006015922073584797	0.0064869532133788295	0.006193221643622323	0.009278070361631505	0.009486910606269989	0.008831828406680583	0.007421621132320163	0.00806878394012393	0.012036891880318415	0.007610808628504633	0.007306732816388311	0.007139954344029157	0.006964666173534308	0.007490257118135525	0.007486368223879252	0.006043841066524124	0.009398378431231562	0.009155665502489535	0.009136185145013902	0.00902010303074391	0.010323203672540271	0.007438515054581955	0.0059576246252906005
NW_023496843.1	2338044	2	0.005613209663951671	0.008312577412958998	0.007086598746298716	0.010361876740027552	0.010524698492618672	0.006179866332968307	0.005443887723830359	0.007601410342024138	0.0060774961428249445	0.011548037517886953	0.010697771668964559	0.010523285027158824	0.008922336914747463	0.008758124293579965	0.015998879075714605	0.008020693364092288	0.008349035615246523	0.008694703131686203	0.007607142780916548	0.009379769321346402	0.008918856228852067	0.006459597857204895	0.010303786469781787	0.009927609867013333	0.010706052559644033	0.009334129920006035	0.011035739473976418	0.007970559494589923	0.006148638362612968
NW_023496843.1	2338044	3	0.004952459628465745	0.008100006968368231	0.006751914228825075	0.010318754194596224	0.010495573705082051	0.00558700813590695	0.005035040553732509	0.0073658780718911495	0.005500006083617439	0.011499884576857269	0.010553412343699557	0.010196227572786027	0.008530546069430834	0.008507422333834586	0.016203688355161408	0.007498522636068836	0.008562401442979798	0.008434744676193756	0.0076769455612193255	0.009312693945082433	0.0086244087480345	0.006012966627620669	0.009884139718084418	0.00960541738616763	0.010605888080760583	0.008942848484476577	0.010797892241787817	0.007591934288207679	0.005525483008958927
NW_023496843.1	2338044	4	0.00653161913798352	0.011507047738073655	0.009334460157230547	0.014647745583859858	0.014741973285572557	0.007731140973924367	0.005999292228874178	0.010024938449463072	0.00770072136150423	0.01574693770677943	0.014731738443643902	0.014406861624239717	0.012044082337473951	0.01198450932509547	0.02025300468463018	0.01086172772640664	0.012457788679504495	0.01182665070228782	0.009998838557433744	0.012707454704613574	0.012289456724368543	0.007624496005281124	0.013562906072837349	0.0131823655348722	0.01472904762954404	0.011889334351376216	0.01486558501567487	0.010582941921715565	0.007217617458279086
NW_023496843.1	2338044	5	0.006402150238822753	0.011913661554634762	0.009649214860875116	0.015851930478124485	0.015546297303765803	0.007417202667742149	0.005716411246665827	0.010459579966753644	0.007687183820669726	0.017062287793912456	0.015834515762689336	0.01570164491887211	0.013253887316410723	0.012619358090592156	0.02158549770883415	0.011737703398016714	0.01287219938361601	0.013116506252214907	0.01086842606215617	0.013828797019194893	0.012968858752212006	0.007485631022969807	0.014428471251487853	0.014397006833494966	0.01596304729736824	0.012316824002860587	0.015868742472195618	0.011208335956806018	0.007236737123080916
NW_023496843.1	2338044	6	0.004979221321916714	0.009844964463642934	0.008206092354813437	0.012851358668743507	0.01271667193331839	0.006028544197097106	0.005936922778726724	0.008950315367046489	0.007150300412591792	0.013822800674276436	0.012843492147943156	0.01269008478965742	0.01084688137943639	0.010972625206058914	0.018661449210737733	0.010388482517815916	0.01038816659987692	0.010522491914367927	0.008426486822727878	0.011232915658207873	0.010490595111317124	0.006694104202112547	0.012212011446015674	0.01189141478735801	0.012594809872406958	0.010358259294914629	0.01286551678589639	0.009648941976775988	0.006923255384337416
NW_023496844.1	1589149	0	0.0022423263723642174	0.0029270040817666607	0.0025036346705902307	0.004098867024468281	0.00413519282781805	0.0021579173937158816	0.002310731695353401	0.002675029773135775	0.002497293795452845	0.005316304718527867	0.0047863556094028745	0.003943716354682902	0.003700834234298611	0.0045006033449015445	0.009848301567247319	0.003942480743299738	0.005051585621783552	0.0033888074127965406	0.0029115633119087226	0.003905089060775889	0.0032953695896937433	0.0025519434985765556	0.005451069991588578	0.004860488000882649	0.003941272386778027	0.004180487972475422	0.004868657863595307	0.0030999669692014396	0.002355340762034811
NW_023496844.1	1589149	1	0.0017992431254961678	0.0024869792314147123	0.002242055436304005	0.003534645629818857	0.0034857522428251757	0.001678248703108394	0.0020250692061685306	0.0021901384302421005	0.002154146798612445	0.004429072755657059	0.003718977154279753	0.0035520581115211	0.002911226006023499	0.0028075727914452214	0.007968479060735984	0.0024879359038390875	0.0026769969871529155	0.0027220673412697723	0.002305392808100652	0.0033263033758233656	0.0028732621270385794	0.002279264950912733	0.004404034411414768	0.004341149140554798	0.0036442082192903553	0.0041161927175022255	0.004576027567512297	0.0029776692048494352	0.0021605722523779635
NW_023496844.1	1589149	2	0.002618262549656047	0.0035137401432886388	0.003226261195279593	0.0043858274149715755	0.004226917399003891	0.0027553873468385785	0.00324582785111562	0.0030926819438850165	0.003214667374369539	0.005031811969082745	0.004573156739974803	0.004387573234124626	0.0034809445875606426	0.0035193902448640148	0.007706415778479316	0.003187615939542648	0.003161971124946131	0.0031651190873107165	0.002608047396815999	0.0037199396256177024	0.0032322513350370244	0.003288555376795321	0.005179196747140005	0.005147746227329093	0.004555878850853376	0.005217826909707552	0.005742436040548817	0.004215696434761688	0.0034818383769561977
NW_023496844.1	1589149	3	0.0049444667138956976	0.006190437283757448	0.005977248886442718	0.006985932669898483	0.006067459800905437	0.005025535008801211	0.005844208328225613	0.0059331058947802	0.005716452232536158	0.006910565871809661	0.0073022100609795495	0.006742253083694735	0.005372805195927148	0.005425020336978902	0.009055141892891229	0.004548871707241894	0.005037471577539719	0.005337589687713536	0.004368032496850207	0.006028846980502382	0.0058001341205833725	0.005739725972674986	0.007405399793150916	0.007050111380056299	0.006610402738777746	0.008289224921172086	0.007855270621264333	0.0068429667850633995	0.005784286567280816
NW_023496847.1	653633	0	0.004666240146770155	0.01760517991077984	0.017333262727283843	0.02229556136927161	0.021973246508501416	0.012470298928164935	0.014681423476077432	0.017033890175122794	0.016410848461330937	0.021770318728427038	0.021406026290489294	0.02243996773051932	0.016674696838095773	0.016897968801234838	0.0266085993110011	0.016888768847403084	0.016784316355151416	0.017081271367495196	0.0139810000099256	0.018142122736205222	0.01577645872485779	0.01549265196887181	0.019415319280660065	0.017540709698524018	0.02047640965312224	0.018453395441561823	0.020695942185775754	0.018554086709990442	0.016264590595313114
NW_023496847.1	653633	1	0.008659100337828891	0.021370774455356394	0.02053099156167172	0.026371372444223346	0.026238555116064363	0.01630991154461869	0.01791310138696933	0.02066487079304223	0.018358201764655427	0.02583136765140656	0.025597648925382063	0.026581395609263262	0.020997182771520212	0.020315691463919705	0.03072277660946553	0.01898903900457161	0.019584320063713915	0.020995497539446236	0.009380922505698627	0.0219733491617847	0.020619267535515386	0.018589916587067785	0.022812876679858776	0.021704098059111346	0.024809980772334178	0.021255423809976966	0.024582128087232976	0.022120372419522687	0.018898560084280744
