contig	contig_length	window	FR-Run	FR-Par	FR-Lez	CN-Lia	CN-Bei	FR-Cor	ES-Bar	DE-Jen	DE-Dos	JP-Tok	JP-Sap	CN-Shi	US-Wis	US-Wat	CN-Nin	US-Sok	US-Sdi	US-Nca	US-Haw	US-Col	BR-Pal	IT-Tre	US-CAOx	US-WIOr	JP-Hok	DE-Jen2	JP-Kan	FR-Lez2	IT-Tre2
NW_023496800.1	25589241	0	0.0014212261446888493	0.0017635045863929446	0.0017355511758269568	0.0021669311030002086	0.0021997872106383717	0.0016840081167108724	0.002097121864230034	0.001683254176502172	0.0022725068554119913	0.002947241437557926	0.0025388639684619106	0.0022511396764598943	0.0018152870424608363	0.001983724731474623	0.005597881089097468	0.0018928577194247862	0.0016653010747704332	0.001631247767486513	0.001694812221979339	0.0022410091953723107	0.0018507180531252094	0.002318437608756722	0.004217607932902409	0.004238424919794108	0.002452902901606733	0.004825711755667581	0.004474236478858486	0.003590481602603968	0.0023672456190666244
NW_023496800.1	25589241	1	0.0020398017132844423	0.0023639543037980238	0.0022120567029039837	0.0026092641816002713	0.0027839169465981683	0.0021616590464695294	0.0024884866350503828	0.002248099992783454	0.0025978339337655457	0.0037012803664885157	0.0031086644769754332	0.0026915729485982574	0.0023065883994086837	0.002513648414470017	0.007943376337427527	0.0023134114916554304	0.0022637173491538046	0.0021904242195294596	0.0018973937060353	0.002617230047198093	0.002271678175606752	0.0028000515178841856	0.004370032375557424	0.004149580256022017	0.0029872524130715753	0.004688305723065111	0.004475056861222211	0.003879182099718297	0.002825265613835306
NW_023496800.1	25589241	2	0.0035268497143435707	0.004333838990064469	0.004041132133951493	0.004639924419017664	0.004832835027773739	0.004113804641675959	0.0042054661078887645	0.004014969147773792	0.004384317903903072	0.005897914616284965	0.005063644646961346	0.004651105220802117	0.00420831589634986	0.004394248728994799	0.01110680697147572	0.004207942075159831	0.0041157935494751715	0.0038731254509935106	0.004325807125278053	0.004531476846864948	0.004128208276482262	0.0046354154701004424	0.005720490259366239	0.005736014207514062	0.0048933866422453875	0.005492671436022073	0.005588592753237491	0.005002898516603433	0.004477696736797036
NW_023496800.1	25589241	3	0.007380892717626602	0.008441121483337578	0.008286398088260715	0.008830029637511186	0.008844776436412275	0.00805384652667419	0.008188846038232816	0.008120885306907718	0.008491494071653678	0.00992566863938485	0.008968684087262195	0.008885474975351226	0.008006609021788411	0.00818351157284631	0.013442423999917703	0.007987884090108786	0.007587946623536182	0.00751773684418389	0.007280377290570126	0.008227888473834445	0.00767805239312716	0.008716918250851259	0.008236523563151148	0.008891344353147892	0.00893348227011669	0.009357361900092015	0.009379048527156356	0.008866949798520405	0.008408241023737884
NW_023496800.1	25589241	4	0.00849622536058629	0.010462507891409805	0.010464271491801897	0.010799779590676323	0.011073852369379281	0.010246001869500174	0.010302743878925888	0.010324536425553121	0.01077957976926515	0.012114166030725354	0.011166994511104597	0.011063315738575243	0.009837102121185218	0.010173372055127137	0.015954681498966488	0.009977946161968797	0.009679666240483331	0.0093815824516636	0.009269673042344877	0.010180267968851544	0.009428843504010881	0.01072904761468827	0.010884141579490542	0.010750153484344044	0.01111923426085741	0.011361525175631606	0.01146234106824534	0.010887924595937204	0.010446598427996697
NW_023496800.1	25589241	5	0.011824915507836398	0.01386302707850891	0.013820330158860748	0.015072414056640782	0.015157085902265586	0.013568737414976504	0.013602544204936373	0.013585714634858746	0.014062782359513207	0.01602819919784155	0.01504449293073415	0.015008404551988179	0.013342658331670405	0.013860239675716651	0.01913869349409936	0.01337967772328225	0.013015730874415423	0.012580369010471128	0.012511047860269516	0.013562400106597544	0.012779342964097998	0.014095372821143691	0.013696787001205638	0.014176042133578037	0.015204490434865433	0.014446059305949747	0.015428496090150392	0.014522387788251847	0.013732141619399256
NW_023496800.1	25589241	6	0.012174189574666226	0.014153004269987748	0.01375613623761145	0.015260821781627626	0.015405976327660813	0.013223051139101362	0.013455465618670953	0.013804351285174186	0.013999837324848257	0.016479479317245815	0.015583896960535588	0.015008476955379272	0.013997288612529905	0.014228444395276953	0.020049994801045343	0.013615887906303224	0.013199529794248148	0.012869154473506656	0.012864583585043799	0.014123784549335319	0.013439457390667901	0.013953408234281935	0.014945465471755218	0.01481698358545447	0.015369766401513357	0.01477548165035051	0.01591045631692086	0.014402806188965103	0.013474456360785928
NW_023496800.1	25589241	7	0.012424858940352113	0.014789001301981153	0.01445587623356383	0.015188759182220691	0.015652640813806993	0.014388929427634745	0.014362724097621925	0.014372232129172383	0.014799306636537772	0.016488564657990517	0.01571278095687342	0.01516131246189234	0.014318675472251827	0.014509125158935234	0.019755061024255952	0.01394274009259091	0.013895439893374897	0.013652816986552428	0.013597493855092317	0.01485597282878547	0.013854489661239679	0.014699598411041646	0.01514827094548048	0.01529291762683248	0.015640560379675678	0.015381141551718628	0.015877102696938556	0.014987321985723166	0.014358016269496999
NW_023496800.1	25589241	8	0.01651189540438758	0.017928798726072514	0.017803341752791656	0.018808250902120172	0.0192090746938796	0.017311399340949923	0.01725592731555767	0.017628570531574867	0.01774506802607007	0.020155539707770235	0.019019185013194974	0.0189920847006709	0.01736702643357156	0.017950055670448925	0.022358438197700888	0.017445128173413756	0.016923926098623664	0.01681539268117977	0.01625963351523393	0.01772640564378597	0.01699458467105375	0.017814444004266287	0.01807446264705543	0.018274850071940595	0.019265798613682	0.01835758885449729	0.01931494508327358	0.01823532613858335	0.017510885447216285
NW_023496800.1	25589241	9	0.014160914713644971	0.016028355125852448	0.01565592873295515	0.016940174703150547	0.017282915105696756	0.0154336424454229	0.015046595348917712	0.01563130936689476	0.015605896478785426	0.01797256145670516	0.01695117987152463	0.017137010982571744	0.015703661734572792	0.01632339142359931	0.02134596324441341	0.01569442818021879	0.015113308277779014	0.015093619313399032	0.014029585015166	0.01591657623085562	0.015322040219869418	0.01561764258059839	0.017064165429822656	0.016835072646402653	0.017200219742020115	0.016777107153042578	0.01754553600234873	0.016324143501753	0.015417452113780069
NW_023496800.1	25589241	10	0.016592230872347694	0.01799069769911711	0.01784685119200158	0.019216975438771582	0.01936920776532921	0.017391993777448104	0.017472640677151357	0.017851763376489374	0.017873459136442334	0.020042940465744695	0.01942517218855973	0.01928462042332955	0.01771113172763285	0.018517919478986986	0.022578672696613494	0.017583425799471735	0.017726602586543076	0.01743452815805292	0.01678620875640039	0.018295140344658338	0.017189542435417954	0.017912857224349252	0.018871699428442846	0.018747363628398888	0.019382893190738694	0.01844905482177351	0.01973153043833486	0.018268188783221624	0.01774449371432568
NW_023496800.1	25589241	11	0.017354480234039047	0.01915088895043338	0.018770006745618982	0.02068572563500719	0.020367795359045596	0.01864979661920688	0.018356416426535252	0.01871988229213226	0.018857798061023227	0.02134091527445294	0.020367110587470556	0.020601433401929697	0.018463115607903993	0.01899895344086387	0.0241511073260399	0.01832219535800989	0.017949701060492644	0.017911312796358134	0.017444305259811558	0.01886119058540122	0.01750202079561413	0.018828359131240414	0.019273582428406592	0.019353108960935023	0.02069817437849103	0.019427250511074762	0.02073253104140331	0.019143930460372667	0.018756250203246158
NW_023496800.1	25589241	12	0.019901457605219233	0.02173098237475995	0.021437780615905722	0.02269777355166217	0.022706525516006926	0.021128082153093943	0.021271984522249446	0.021288172407212775	0.021675046780115677	0.023491816087812784	0.02291983497277825	0.022563713163111548	0.02051089998602954	0.021300106307652493	0.025219745384415338	0.020345355951639083	0.020068560328106298	0.02015680053375657	0.018558713081301526	0.020811535588719395	0.01984215281517928	0.021403404907273355	0.021394626025408536	0.021386251762498677	0.022993377060201454	0.022294876942751406	0.02322542045691255	0.02182432323479109	0.02132809759464051
NW_023496800.1	25589241	13	0.016274614061423207	0.017669568443649426	0.017484208351203498	0.018616705718461118	0.01875090726989114	0.017146046103862802	0.01709724293933397	0.01733968952137337	0.01752743850824467	0.019702189832544712	0.018958630460465822	0.018599281577189663	0.01729765197958694	0.017590020291507916	0.022588617872826698	0.016750186692551648	0.016688304347613973	0.016776482910125262	0.014551722699138866	0.017156442354990264	0.016613531115277923	0.017413159780114835	0.0176987097965879	0.018233424194863686	0.01873994259358694	0.01844184222885946	0.01919503299343569	0.017893464864757905	0.017524229548186655
NW_023496800.1	25589241	14	0.019601021304377568	0.021222578210968738	0.021176673735487313	0.022238384426108756	0.022805172541177383	0.020699427669024727	0.02051762720465517	0.020800983754322027	0.021188092070507418	0.022987777177148044	0.022644195716278147	0.022515964726228323	0.021186251792091756	0.021255436800184026	0.02520968288020875	0.020208427620677347	0.02079456842064967	0.020519865757432185	0.018908897704908043	0.020600947860212732	0.020198339547461426	0.020808198299981387	0.02180862283269714	0.021770017344672016	0.02255348094936609	0.021656872338513652	0.022722892754064198	0.021301551462218283	0.020735297454514457
NW_023496800.1	25589241	15	0.022193657879849917	0.023867502554322625	0.023773963602010284	0.02552752489416054	0.02535472532487706	0.02297111119813691	0.023102568690451734	0.02362137485460386	0.023720519267679027	0.026497078574065313	0.025454774545535727	0.025381249912908646	0.023374684059050858	0.024194634450013505	0.0288370428950887	0.022966266774749295	0.02290572057298581	0.023332105399281364	0.021681587939116904	0.02276917813577604	0.022065298439909266	0.023469992075134512	0.023684124474863656	0.023954170198045344	0.025553131365510684	0.024392515692640258	0.025817019560692697	0.02384383556403501	0.02316164391670394
NW_023496800.1	25589241	16	0.019488091075811228	0.020823776168454922	0.020827243502101026	0.022764825510431564	0.022519676475006162	0.020285137042523962	0.0200519643226505	0.020789237289195624	0.020973370028741653	0.02324710694671167	0.022909660369493833	0.02274216333505522	0.020972231393119503	0.02114635202167499	0.02603033313644552	0.02043304844664806	0.020304555108270006	0.020676310058601807	0.019067049271385104	0.020834858203403448	0.019961440829288263	0.020503008752080148	0.02153011512102398	0.021513073247268567	0.022648995835022796	0.02103521645403465	0.022914956479703756	0.02063515278547769	0.020461682574143252
NW_023496800.1	25589241	17	0.019225124876331382	0.020748728451351842	0.02058440699479344	0.022077420420986066	0.02243329355274032	0.019927559425086915	0.019496250971095395	0.020826654735579393	0.020576633621944805	0.02303876976441268	0.022460155922192096	0.022122837433067744	0.020732113559357657	0.020966556913502833	0.025179397356382496	0.019779991779328016	0.02017375726107499	0.020491546822951182	0.018809318455492257	0.020607309547005306	0.019757270979332817	0.01987907783298381	0.02131630289015333	0.02160725989412522	0.022540279344871253	0.02110786741076018	0.022508931730225928	0.02057617947587055	0.019920342046361304
NW_023496800.1	25589241	18	0.018474536856151594	0.020409331302012876	0.02007267556555388	0.021508385020751003	0.02166114880667537	0.019232069439876934	0.01924228497492016	0.020112387644052307	0.020010940712719964	0.02252209788862146	0.02155932535601853	0.021482480012286632	0.020609703273794255	0.02044912297287607	0.024609193245878395	0.019361291563228945	0.019844660808546292	0.02032727275827128	0.018290130319170126	0.0204414730634045	0.01947654588951177	0.019455623425932767	0.02102650546637822	0.021192492851404406	0.02182796515857356	0.0206142253443052	0.021923324824012862	0.019999335587918186	0.01938994453064653
NW_023496800.1	25589241	19	0.017407370831856565	0.01941483090886017	0.019176858961785077	0.020893872815453546	0.020996565319097826	0.018699257758522755	0.018486835896649116	0.01928145680613476	0.019303268182427714	0.02168339138898858	0.021147849744880803	0.021080704206413014	0.019733145027812683	0.01989342228710544	0.024618336459267656	0.019002085777870353	0.018901037537205068	0.01946879383827009	0.017570544563772432	0.019754340449687015	0.01887863041985207	0.01883075668874316	0.020205918326935458	0.020200779346245833	0.02097145863348167	0.019752967984540362	0.021170427001600083	0.019306323053784227	0.01887865943807876
NW_023496800.1	25589241	20	0.017963815265042555	0.0215560391759179	0.0213069612847868	0.023158142333969508	0.023363218462189177	0.02066178743204272	0.020602440931438152	0.02144512383107794	0.021328957258556578	0.023759634703046355	0.023421995646631985	0.023174601767594453	0.021823532526590406	0.021706807526584444	0.02549209552701429	0.020766968618594835	0.02068115732487909	0.021524744388870535	0.019223026060345868	0.021823009460822575	0.021167469237144593	0.020676094554941286	0.022296925035073363	0.021876833763940323	0.023323834409702954	0.02181285670338134	0.02337645220151582	0.021461019229406634	0.02091234324039812
NW_023496800.1	25589241	21	0.016798158660805963	0.020307968973118783	0.020215049718873477	0.022276393998415352	0.022412111019698942	0.019493927285146966	0.01984974782773076	0.020139494370459615	0.02005620057797123	0.02294479675372025	0.022393795639846035	0.022029638361067642	0.02070657646986763	0.02088655355551809	0.025095592956206305	0.019720528042061793	0.01931487373253742	0.020349757495652605	0.018325743811063413	0.020759528472501104	0.020013710325529545	0.019852293899549366	0.02073524240237698	0.021128635039995593	0.022380194308256614	0.020546197631581456	0.022569929148330403	0.0201042015458653	0.019719755678920186
NW_023496800.1	25589241	22	0.016284760817481172	0.02107134159559697	0.020597073862125316	0.022307563335528937	0.022468363013714465	0.020081973089323205	0.02018260120080679	0.020799330695100173	0.0207817530981898	0.02319170066739681	0.022398738079771805	0.022349809234402294	0.02082970731781788	0.021149534489988152	0.025472811845295255	0.01995270605735969	0.019781257939746128	0.020384603324645964	0.018805498193736433	0.020785194738152046	0.02047344912943535	0.019969278801275542	0.021283477187227257	0.02133181265956606	0.022523339173079863	0.021032143304668172	0.022650948340256622	0.020613141287391137	0.020036815046704175
NW_023496800.1	25589241	23	0.01722428809245077	0.020158413352926886	0.01985795601163669	0.021558988807780993	0.021582041084342828	0.01950783074415257	0.019477261320529148	0.020008400919507854	0.020268623563791915	0.022465091423937725	0.021559943743402223	0.02141471098546167	0.02006793186435072	0.02049877003378236	0.024780333072093954	0.019509542842640875	0.019177441308102745	0.019748943014483503	0.017246757733879386	0.020132776507824735	0.019586757500174502	0.01948558027159615	0.0207276584067625	0.02040243465735314	0.021816731027983132	0.020619191482023586	0.02184615797910471	0.019822498610543582	0.01934910897719131
NW_023496800.1	25589241	24	0.019472869659082983	0.021267346822697927	0.020973034359706873	0.0224183041486285	0.0226971997719261	0.02051699158286324	0.020146787998232024	0.021177650601072774	0.021214491831680334	0.023358577528879668	0.022665366730600028	0.02263410884040894	0.020945325320945632	0.02143654537355451	0.025865878665485405	0.020423541554607908	0.020028050748186928	0.02055945340989384	0.01801459883094305	0.021019014131100598	0.020795334082627907	0.020471711236001177	0.021437264540349773	0.021408014125165454	0.0228517738857389	0.021911349037775134	0.022845888001452912	0.021035526911461554	0.0204062015615457
NW_023496800.1	25589241	25	0.02196114449169835	0.022965685826494404	0.02252604532044576	0.024501966467641703	0.024681448417007167	0.022380243347524063	0.021881740070641496	0.023137526470887723	0.022718442947728602	0.025590413267179812	0.024753234036207234	0.024602821922850265	0.02254257123688059	0.02328845733100622	0.02816327944176015	0.0221450184471466	0.021790152890974863	0.02229037872882094	0.019725395941100756	0.02265659013471663	0.022756633842105644	0.021965053816523437	0.02293178004021823	0.023298923663919027	0.024697158928273035	0.023643625836398337	0.024837881444948424	0.02277311482197231	0.02191839029362959
NW_023496800.1	25589241	26	0.022198649513799556	0.02327195976915335	0.023060311708205584	0.02479446923550708	0.024934269706489032	0.02276662412136748	0.022233730212337623	0.023379407153468017	0.023356525512365344	0.025637095362912386	0.025071161783057495	0.024966407406814613	0.022919311070012167	0.023442142103433202	0.027699969127296838	0.022305158630991966	0.02202669643360913	0.02254956001832695	0.020030541768503534	0.022852004017612705	0.022959855149119072	0.02250810380369471	0.022679941696817807	0.023377525037599826	0.02505831042177717	0.024085340498727965	0.025314599709759158	0.023204603213816594	0.022397115232459835
NW_023496800.1	25589241	27	0.02444740313543336	0.025906332426777492	0.025582630491396117	0.02723303461223368	0.02733690540778144	0.025063039025403643	0.02483700345644954	0.026115454689949157	0.02573598414653571	0.028024266628803435	0.027541134508799716	0.027402672683982283	0.025434977686385533	0.025652265938441575	0.030378270317793856	0.024671191553295772	0.024409783873049328	0.024944510230005112	0.02211522203836621	0.025120743969630665	0.025374021081578768	0.025042837682133477	0.024313424408728482	0.02563114098937248	0.027700644778367443	0.026750736894640317	0.027956637984756203	0.0259517621230591	0.025233779378057555
NW_023496800.1	25589241	28	0.017332948033625936	0.01794222724360794	0.01760829596998577	0.01918026324589909	0.019548606611709072	0.017251353490079148	0.01728968170258725	0.01811598638826136	0.017818058961659465	0.020316250905685604	0.01950436458297725	0.018964457906818732	0.01778522278595218	0.018198341740807814	0.023536787993641405	0.017436324108600788	0.017037840275594143	0.0175004006117666	0.01585631981906808	0.017846099646333748	0.017655505513062653	0.017629234178949224	0.017693074026142633	0.018296233183080313	0.019545197079760473	0.01874834904223293	0.019844232864726672	0.017937406879452736	0.017630932956352163
NW_023496800.1	25589241	29	0.021344844807097824	0.02244661429295184	0.021955204356555454	0.023702378258876042	0.023780730057445396	0.021505394372331916	0.021585379293879523	0.022474108143121462	0.02201587275367794	0.024426624570578013	0.023757751371859728	0.023510941976923338	0.021791566599378975	0.022455420467381023	0.026499651280212165	0.021334594924114682	0.020790959356415242	0.021633050577110693	0.017750353826782	0.021810507223959653	0.021818532203876643	0.021553917076032485	0.02111742135981886	0.021933324451549014	0.023732588127920756	0.02329838177188708	0.024069640223806962	0.022044582743566903	0.021331047497755832
NW_023496800.1	25589241	30	0.022839960591464065	0.023797505545304087	0.023499879898946956	0.025372319887152887	0.025541765603418767	0.02307524281180567	0.02284990065583436	0.02415021542352398	0.023537286834889693	0.026049329364876934	0.025518672762499712	0.025534552146605542	0.02328022209527112	0.02425437345047168	0.028285027330981944	0.02263670512107369	0.022695820455926635	0.023044967552270628	0.019293695960630842	0.023206640058789627	0.02342949796171639	0.023115582750645753	0.02208928008698588	0.0235402002978009	0.02562825438880154	0.024724110345393006	0.025855463592340016	0.02343068666445029	0.02279514643826491
NW_023496800.1	25589241	31	0.02148620261792187	0.02258404877203829	0.022054316555000175	0.02430348815431471	0.024574285164579688	0.02182539431944207	0.0216369559323781	0.022685626690081697	0.022365822672534924	0.02513206471996507	0.024329605972341264	0.024285748880311004	0.021988066479051934	0.022991775768127738	0.02725866389874554	0.021566052167599048	0.022173085548791324	0.022086466854130415	0.018596697734840427	0.022138654248824607	0.02202697397089381	0.02167726623978199	0.021177222283844253	0.022668696049697568	0.02441920468285795	0.023247044184904645	0.02453150808360301	0.022159630110833738	0.021588055581907527
NW_023496800.1	25589241	32	0.020081245447717142	0.021188612124227145	0.020868773203040075	0.022667826628281262	0.022714075826131108	0.020565324210068594	0.020526797925970373	0.02150813877305162	0.02123664902102082	0.02342233075267474	0.02284964883198428	0.022623761425062974	0.020772232816884777	0.02161861170628578	0.025319956651347657	0.020538299364557457	0.02069713536034225	0.02081658553450687	0.01703068979157022	0.020972130715296494	0.02075170900514702	0.02063070362921385	0.020661624367663355	0.021425540528676647	0.022709716038869752	0.02232505183381516	0.02308242128209887	0.021201713938756177	0.02071261990662636
NW_023496800.1	25589241	33	0.0212347531826901	0.022094215313783454	0.021818506401779236	0.02438733549977967	0.02443910898979132	0.021250374921893727	0.021160520670512814	0.022122303765526864	0.02197513241048574	0.025025639233595874	0.024333585648181326	0.023959285819070676	0.021970067816700606	0.022981722568059595	0.027070675920544542	0.021873149967409744	0.021075690163726422	0.021646373651287094	0.01804940417381775	0.02228060978057088	0.020823532616634943	0.02113554875132236	0.022321417333543127	0.022737514027881323	0.024466632336960163	0.02267579555434493	0.024368143534939976	0.021696635548202864	0.02123847132076857
NW_023496800.1	25589241	34	0.02061772109036947	0.022304042495999477	0.02201263688122628	0.023762882013289716	0.02392177871974984	0.021268589588282504	0.021439864899792736	0.02255728022528352	0.02187020583693319	0.024809521862429407	0.024030637907922935	0.023641739195400253	0.021392015425786656	0.02246331875129846	0.027495102175138272	0.021676098438053938	0.020717316349800483	0.021365055254380164	0.017398110748314734	0.021817691491010545	0.020531690966008532	0.021340874645382767	0.02251157821745625	0.022365539611954817	0.024136937698583594	0.023109072796131332	0.024029851851856156	0.02178308622684119	0.0216299064284667
NW_023496800.1	25589241	35	0.017352462921899243	0.01901359991280879	0.018806349359366564	0.02021610898777889	0.020419309889220527	0.01821356951650641	0.01826838486709929	0.01920655318529999	0.018865413156860803	0.021196683261977742	0.020409636164179852	0.020231753833663026	0.01840669533151442	0.019379355706700074	0.024085781327282632	0.018434334447080435	0.017077152180147163	0.018076438400637627	0.014505184597971468	0.018918034872874114	0.01770530327272549	0.018383614276170607	0.019793193223417407	0.019187540159947645	0.02045218100835846	0.020117165232874726	0.020627397340860356	0.018862396238622663	0.01827252825180945
NW_023496800.1	25589241	36	0.014780091354294428	0.0171240865565144	0.017054718353996273	0.018395816945961322	0.018382317840243502	0.016365992052459876	0.016520689251503504	0.017200660780379073	0.017064572664522243	0.01927682659911638	0.01846259390663392	0.01834557492905728	0.016919693981259934	0.017374483551834165	0.021587863939004918	0.016864060708121645	0.014346766917927446	0.016196890212637798	0.012919637826931037	0.01694550755608797	0.015833513306569534	0.01680075718316239	0.017903868491795413	0.01774231272517409	0.018375140693621447	0.017936041473964742	0.018726142563265838	0.017021618831918592	0.01663184610857086
NW_023496800.1	25589241	37	0.020592388779416434	0.023571837074239477	0.023344292539019516	0.0255887220668879	0.025660241522367375	0.022073008004056805	0.02264148117978047	0.023671977163292026	0.023453315629329743	0.02636812496536499	0.025773164357866852	0.025653278659912963	0.02358732131942751	0.023975492385184215	0.02833739430200182	0.023579932927821397	0.020421946433152687	0.02254124685872687	0.019185065563659263	0.023270318924831574	0.021947115460222513	0.023110872331630953	0.024143590346409293	0.023975625254947185	0.025813867212074664	0.024381778170031353	0.02572997893113593	0.02316444490784308	0.022638687998169114
NW_023496800.1	25589241	38	0.021192376139200796	0.0239281160356667	0.023502444939985132	0.025344691501994195	0.025564366546185307	0.02232627607036964	0.022578433605810716	0.02368380016884713	0.02331583023575176	0.026525777551324917	0.025834737233725313	0.025380135591162565	0.023479580739437768	0.024071680521062865	0.028601777552741292	0.023534259052399184	0.01998494303882949	0.022548298946114306	0.0204193709021383	0.02355134263775253	0.022250187660014808	0.022736981821836567	0.024407623382557867	0.023877684359622776	0.02582655220624659	0.024530126779283748	0.02605041482455404	0.02358796315465549	0.022675339679670423
NW_023496800.1	25589241	39	0.018681738813643368	0.020370885090577547	0.02003983068149098	0.021969510182270006	0.02204768272895231	0.01906171703102587	0.01940955244612388	0.02021131830722839	0.020196359211880874	0.022610589461601042	0.021852401792138144	0.02161838465512698	0.020093265610016776	0.020490845563802478	0.02555594557764621	0.019682247075930026	0.016900479659633497	0.019096822753190308	0.01731970430435176	0.020165254976355865	0.01949741183084577	0.019542961940511486	0.021204927412564627	0.020623721648681273	0.021786596094847108	0.021226840322431915	0.022144493132115913	0.020083243902414265	0.01922371463048649
NW_023496800.1	25589241	40	0.021971671781017114	0.023730765324101157	0.023407870040987554	0.02531610891193207	0.025535402621508368	0.022526408496562525	0.022684286431029117	0.02362492734776997	0.023123520551934618	0.02604053404056278	0.02563394835089955	0.025419714552071454	0.023470579809398637	0.023276435873188756	0.02780915087285484	0.022440585364638933	0.020606510074144584	0.022718547340061897	0.01934799715630156	0.02339569842291596	0.023305879047081198	0.022833621710814402	0.024608277081008212	0.02398862996420363	0.025579662930526045	0.024604155830537752	0.025759143473878268	0.023670823620193307	0.022649037335786
NW_023496800.1	25589241	41	0.02063932799905107	0.02222880617339326	0.022050055779099905	0.023763226056619277	0.02403947097633493	0.021312629496547227	0.021218186668461234	0.02195559591844968	0.021838416508151864	0.024779866903042007	0.023897914037772843	0.02363727651692856	0.021574403897181762	0.021661956331577248	0.02721958339835451	0.020643968034273586	0.019719089517882264	0.021045108959234043	0.017292271260575226	0.0216148897013173	0.022132494390859	0.021528181590188288	0.02268937993066153	0.02241958759273807	0.023945881885253536	0.02291964562633783	0.024166957710700678	0.022284557774654688	0.02140987221739245
NW_023496800.1	25589241	42	0.02092304457044185	0.022693028110726553	0.022378943381327905	0.024678903637073136	0.024910360308037113	0.021520236177330575	0.021409468493994055	0.022352526933903077	0.02219944192647617	0.025584930034394465	0.024636510943520592	0.02463428041983992	0.02251357528620345	0.022736875734788334	0.029300814404894397	0.022101521408740298	0.020232678384142923	0.02195842108254052	0.01743724879845088	0.022424999512313942	0.022371175380242928	0.02169760928672927	0.02364102189069542	0.023088225168117846	0.024992135472297734	0.023308645834005486	0.025208578728460294	0.022361218507938752	0.02170162428599754
NW_023496800.1	25589241	43	0.01952403939917975	0.020833879634577165	0.02075728285787913	0.022495510800159157	0.02242812691692819	0.019936893603641148	0.01992152887719467	0.02069216077758982	0.020375004304779457	0.023188786743743865	0.022436737817093284	0.022206363398758693	0.020629141853727564	0.020776458242775117	0.025363804948584513	0.019976958580679733	0.018039491070071172	0.01992793363218749	0.01605386705850281	0.020557897124243323	0.020520026097331934	0.020109444249091477	0.021368657365534872	0.02107936965752929	0.022440164890594475	0.021751525806438268	0.02279284712493347	0.020738269567612072	0.020147328056550836
NW_023496800.1	25589241	44	0.023752669449092146	0.025744985751651833	0.026005306904245847	0.027654980922102054	0.02759714744143768	0.025057188377815162	0.02481824864627678	0.025733943379395403	0.02571088296309521	0.02844197964415667	0.027397226582177366	0.027386552852811455	0.025127469873347845	0.02567051149338172	0.03052885926070932	0.024515840250883218	0.021692191513152742	0.024193522749937742	0.020169346669118935	0.024834339282628775	0.024882975840587084	0.024983136424789176	0.025884663057201666	0.02552628322519479	0.027852950548505215	0.027043478593613727	0.02785077280473154	0.025704047937299718	0.025326231153754635
NW_023496800.1	25589241	45	0.02119842452495099	0.02301689694244664	0.02304082679723166	0.024342614488893032	0.024678557662102824	0.022280662166559183	0.02213231412078875	0.022708554680316174	0.02271199577832629	0.025126420437779518	0.024632350800199456	0.02450217900248781	0.022238789678315277	0.022633110803031042	0.027262905113847005	0.02203764231953757	0.02003874278713561	0.022011907772512076	0.017663250368623047	0.022227200065155838	0.02228264217360379	0.022506583974096172	0.022881329001485852	0.02312293105836759	0.02456042829147898	0.023558925744270785	0.02493011908110326	0.02321411327203469	0.022709944000339252
NW_023496800.1	25589241	46	0.021162354695506123	0.022943189541760948	0.023014946134063047	0.024272305405362536	0.02420098783584466	0.022419579528084894	0.022218266582789768	0.02261142426352482	0.02280363892783197	0.025249409246882886	0.024348160091508017	0.024086609345968523	0.0219408398284166	0.02299973969705288	0.027856025390386136	0.022192812885541553	0.020287987161979635	0.021293343239411556	0.018221754051099288	0.022239596034537196	0.021931340024229206	0.022468922984637908	0.022961652299237988	0.022915823063308197	0.0244395337289829	0.023658546289665787	0.024674111494374436	0.02336276542383193	0.022641235538753638
NW_023496800.1	25589241	47	0.024885870983379355	0.0264705639236886	0.026624408045460117	0.028609240175999834	0.02840214625001443	0.025761086187892385	0.025888906394628385	0.026525001774320833	0.02623630806547607	0.029263603115132427	0.02869699118896226	0.028348603680486827	0.025365363952780644	0.027095710280353333	0.030933588002769498	0.025760411667655025	0.02537392875706563	0.02492400625811404	0.022678823177095273	0.026028853523593604	0.025941625170965335	0.025996482629762393	0.02659593349882407	0.026560362265443126	0.028751880449174483	0.02732655612050176	0.028665925175410896	0.026916755837135414	0.026056012487343103
NW_023496800.1	25589241	48	0.02256672202533196	0.02463814942401933	0.02465749156144786	0.026432138991608917	0.026445869983210205	0.024008331832152358	0.023749059225259505	0.02437502087158189	0.024389248399092726	0.027097259399101528	0.026328800696850344	0.026364616754803005	0.023652704126861775	0.024715263633663373	0.02904612060643871	0.023065220305840357	0.02314333659960394	0.023537758019841475	0.018312740271438276	0.023959362820240877	0.024109605435774163	0.023907288157744483	0.024851059144929424	0.02470740889144025	0.026436536322857352	0.024755089644739502	0.026748571479858197	0.024958847757966585	0.0242105780450961
NW_023496800.1	25589241	49	0.02385294754052602	0.02596524550591056	0.026003138461838868	0.027221412372194876	0.02768111620528502	0.024977349767740516	0.025128302576479133	0.02569967536660531	0.025577663260437283	0.02835321307759067	0.027865638486640972	0.02714047084147187	0.025122521136782126	0.025757156702599412	0.030861157636523102	0.023921435046241703	0.025195989607981018	0.02502465959072008	0.019603405361644132	0.025622535405785015	0.025944429766870683	0.024990924022718096	0.026298185355881673	0.026205594240380964	0.02777227356637002	0.026283048861787315	0.02784554893002791	0.026221678864184587	0.02524564022611977
NW_023496800.1	25589241	50	0.022776925407663243	0.024485586108429613	0.024409102078052934	0.02597405868106893	0.026159710913502932	0.023877298848155107	0.02392025002118423	0.024328005643036985	0.02430453809577231	0.026632225844924733	0.025951674573782703	0.025891697193979442	0.024073378739577905	0.024437426377352262	0.028999159771732234	0.022782416573854332	0.023768533968714253	0.023769749948122712	0.01890021955287478	0.024526837382231766	0.024381868185831084	0.02361269866446089	0.02519272213060522	0.025017862878864205	0.026124933560554023	0.025188107646506162	0.02624803154977321	0.024980209464977154	0.02379434463754612
NW_023496800.1	25589241	51	0.021848791466141017	0.023799861200929646	0.0235152582679787	0.02530879718478686	0.025293273917932218	0.023714587638036543	0.023087501089072558	0.02360116747956815	0.023381904745249576	0.02582883276298107	0.02576768680409745	0.025258036989595233	0.02317915992799548	0.02391485303497794	0.027767590309117435	0.022759573201797747	0.023162796111382306	0.02308910717293855	0.017596864000944557	0.02299746312024403	0.0229591114314181	0.023236485353147353	0.0243220092036031	0.024096247716391538	0.025522655482143882	0.024394197113100896	0.025536835035760017	0.024264390602970774	0.023458891349049348
NW_023496800.1	25589241	52	0.022934285185944366	0.025155620188552233	0.02495555493806266	0.02660432919749564	0.026606286795699912	0.024747134364142276	0.02455316539803914	0.025183275815661186	0.024875961808306167	0.02706716011538309	0.02670399884307781	0.026588882829110955	0.024116915278496482	0.02492754352069133	0.028569406051360883	0.02386709028628466	0.023023785284462795	0.024201413883905794	0.017711765563222882	0.023901714698599467	0.023960281926804945	0.024399543706414367	0.025112054903965526	0.024943056758482945	0.026780981808238517	0.02578955697341707	0.026954990698546788	0.025480276995569387	0.024396655730888398
NW_023496800.1	25589241	53	0.023490492757619132	0.024791736067389773	0.024523962206810933	0.026422234699735033	0.02649976073285629	0.024334846804977644	0.024038108645325004	0.024949663416730262	0.02431187879746104	0.027370976111893736	0.026471001488891668	0.026229394954421115	0.024416890458907933	0.025168683695767507	0.029850330026085514	0.023806509704267433	0.023877862980366926	0.024285241340929475	0.018119171627738524	0.024314776693583482	0.024454060584580824	0.02405519720345962	0.02539440390818933	0.025316047983205015	0.026661198916806007	0.025309406095958126	0.02670322952617931	0.025371012144941876	0.02389059603757472
NW_023496800.1	25589241	54	0.023203378600976238	0.02443610304192186	0.024024802238853442	0.025998351009099727	0.026021233228110143	0.023857443411269958	0.023217813290828088	0.024220076780397257	0.02414688670811085	0.02679668866505658	0.026303759431858604	0.025706202797619766	0.023409609951751856	0.024139141167530766	0.030205513919826964	0.022791851338323017	0.02278463797672375	0.023203055364976927	0.01634805662348146	0.023538659017781398	0.023749861946524765	0.02347110773141275	0.024769299519187594	0.024548693903410062	0.02620035007747758	0.024706676900368988	0.02629554585577663	0.02469872530528574	0.023466530142644867
NW_023496800.1	25589241	55	0.02441839838917903	0.02584917996381975	0.025672792312071594	0.02757334079069085	0.027837887725388914	0.02537533812970794	0.02485436479948042	0.02579843202790344	0.025251334833117364	0.028401294139679695	0.02767768247796402	0.027085726162638917	0.024850252113675753	0.02561742587628826	0.030757608345633455	0.024599647527833803	0.02349328275908439	0.024653336117211388	0.017227955665132244	0.02468991964166067	0.024809871696766198	0.025092375356753197	0.025884139218349835	0.025551121319620153	0.02783308709189869	0.026081195736361522	0.027939062619603428	0.026297876543542716	0.02497592286367743
NW_023496800.1	25589241	56	0.026158748789168157	0.02735442952016754	0.027027231022808258	0.02921827545443952	0.029578136470751457	0.02666219547433719	0.02608421145322003	0.02705123014322621	0.026616389223037586	0.030313973050303457	0.029526801105951395	0.02908272519604433	0.02725336991643799	0.02760819468798083	0.03301355602264769	0.026654380750159336	0.02510249649187339	0.026783288042281406	0.017893983517427225	0.027123655365209016	0.027226465709426478	0.026225689271074132	0.02767765203585821	0.027890573550094427	0.029536698018893907	0.02730466414692467	0.029557889188320044	0.02732362145088557	0.026030320841991816
NW_023496800.1	25589241	57	0.02580915002378782	0.02744759064777514	0.02714186374473592	0.029105894226238847	0.029232218907175363	0.026909731921968702	0.02620002170321384	0.027345773364205947	0.02676580976955496	0.029891553572609555	0.02944742962457851	0.029054641618327177	0.026854941076383695	0.027177611079808796	0.03341755591366535	0.026308361872460048	0.025163096624411206	0.026334125099561862	0.016693085081620703	0.026862722803086915	0.026359470997621898	0.02652499174610737	0.02756019915303839	0.02733001127516252	0.029183836700601814	0.027400484731908793	0.02946326563323261	0.027410564523211455	0.026046703555349264
NW_023496800.1	25589241	58	0.02283262372544171	0.023814919823493458	0.023618025049141605	0.025487955378813574	0.02544094179324781	0.023318751714698313	0.022535540822301473	0.023802143175091644	0.023398122424984385	0.026169583447450444	0.02554211424112738	0.025335195816313365	0.023219159857904178	0.02366181705877887	0.028249091141924247	0.023035101521859596	0.022590942780476877	0.022817870083664964	0.015913152587370243	0.023543483505507497	0.0232595644811183	0.023147439391905368	0.02385914428596608	0.02376327215729549	0.025579805579703914	0.02407892543267073	0.02565803450499007	0.02390510457718372	0.02295872193880321
NW_023496800.1	25589241	59	0.019912750722901246	0.020428207480888576	0.02012357983985847	0.02174517590481253	0.02180748226105901	0.019747285420577833	0.019168132715886584	0.020140224013479462	0.019927289363369825	0.022213291307107204	0.021909087992360344	0.021599089379571952	0.02048084063241777	0.02066403965671987	0.025145250466366106	0.01990547349509724	0.01984310989743982	0.019939088183306485	0.014373804030225052	0.020342410485252867	0.020338535280074153	0.01959435774688212	0.02067721252356481	0.02134570067009649	0.02168207258015937	0.020779773212720606	0.021904863359636463	0.02028483686818024	0.019446666812939276
NW_023496800.1	25589241	60	0.02390709774715483	0.024514689765542684	0.02419004068092527	0.026443980847935124	0.026546239697729568	0.024046900663093156	0.023004187030743865	0.024086503586167388	0.02389014376580105	0.027356444590876255	0.02653324083352967	0.02598917200113631	0.023903408467154077	0.02452637674827274	0.030484363775219864	0.023852021763806883	0.022785003659050583	0.023767043370913853	0.019438304469306885	0.023804470183559443	0.023955327749842343	0.023809466313703315	0.023903342862086497	0.024860404688786992	0.026506330509872097	0.024494853829588596	0.026666866599538423	0.024564124695435983	0.023967963548466822
NW_023496800.1	25589241	61	0.022372015837872492	0.02324241665864403	0.023007763137922178	0.02535303010549686	0.025278786183721872	0.02285985521964605	0.021964123207095086	0.023122011984545072	0.022814381323979196	0.026170456095973925	0.025291516158126772	0.02502118312233668	0.022948901426367303	0.023389016209679432	0.028174475017982967	0.02285501500180697	0.021475572001913128	0.02284250677837612	0.018596982280092392	0.022734792324496933	0.022994372671717563	0.02245492175117606	0.022197317138366496	0.023789614745565256	0.025251376101018987	0.023531410264997697	0.02542134520226698	0.023449046412650422	0.022599352883828288
NW_023496800.1	25589241	62	0.019085642213344568	0.020736605560364208	0.02048659790154629	0.022094907526136447	0.022032319812490417	0.01994297546275846	0.019614311366523782	0.020393406140625847	0.02024812253802446	0.022779236492678774	0.022095599996539133	0.021670999289144677	0.020330960394182793	0.020841614415178487	0.02554795224295942	0.019813626030534878	0.01937879395365517	0.02014829067220552	0.016605605300129188	0.020300704857441006	0.020529443079245827	0.02001792878465987	0.01958311914499008	0.021055135528945952	0.022043976075572572	0.021033133800177538	0.022187741411442363	0.020841067369254673	0.020236894852748148
NW_023496800.1	25589241	63	0.02414359892118145	0.02531651150991923	0.025036502296823512	0.027108379093427903	0.026873281398313825	0.024667587479746157	0.023939051701328116	0.025183581801497528	0.024989355705980484	0.02767020721379296	0.026947616966867313	0.026590913721179783	0.024966224491536484	0.02548361352385878	0.02991583539061406	0.024717188292471468	0.02335280963052775	0.02483338250028044	0.01902055596128388	0.024664208340159623	0.024848918385143623	0.024221224684877255	0.02254463394598113	0.02580406052426111	0.02717583427274361	0.025689956684027352	0.027501747670878686	0.02565780192141468	0.02463045127620934
NW_023496800.1	25589241	64	0.019486107468867003	0.02033980252448563	0.020258171422901042	0.022001068260491623	0.022078511679114104	0.019979177456501313	0.019406485086859843	0.020233687095273525	0.020311123551192505	0.022823671695090825	0.022063098842749932	0.021840915006478074	0.019945330764237625	0.02076249140540817	0.02552064341789416	0.020154106070639635	0.018852899541522992	0.020158948869440457	0.014580093017469634	0.020165159226072933	0.02011898147248324	0.01980853314484983	0.018370128017734574	0.02106659989735789	0.02210769513405964	0.0213568344233985	0.02233820127974825	0.020481844933118536	0.020130131464682715
NW_023496800.1	25589241	65	0.01847351956344527	0.019370793694010728	0.01923923977395931	0.02072747385760933	0.020938062859514755	0.018970012050517432	0.01845727626864757	0.019282501383305454	0.019364197889437013	0.021611033113824774	0.020820146016402537	0.020672831041173068	0.018577901741111257	0.018970952354930792	0.024230063328058826	0.018675918617752127	0.01753582818793554	0.018667980477651995	0.014134215932032424	0.018746441759544135	0.01866294209781167	0.01880704661683945	0.016677482600436413	0.019570729639404445	0.02095371310547604	0.020304631858255828	0.021186882375707452	0.019592576076957857	0.01928735760896564
NW_023496800.1	25589241	66	0.02019220362774612	0.021228603422439107	0.021051304760822096	0.022824582949365183	0.022666252902726104	0.020880593796008935	0.020236660920355733	0.0209163227409548	0.02119683471708498	0.02357367229097365	0.023058091558067616	0.02268889389384461	0.020475137616466077	0.0213362292457798	0.02637271577560594	0.02052112973247136	0.019536156284309134	0.020645073219408328	0.016635603692412064	0.020833586792877733	0.020575140819956123	0.02064583191671007	0.01824831363862592	0.021616470458392337	0.022863246269419123	0.02186896099242713	0.023082339700095742	0.021364099737300128	0.021001223536061882
NW_023496800.1	25589241	67	0.0196168142622183	0.020147867548627657	0.019910712748526585	0.02186800923283665	0.02181077615795961	0.019918883844392013	0.019275343229115144	0.019839287355813626	0.020203284429933452	0.022826882727722535	0.021948875312708723	0.021807960407595004	0.019840186499264716	0.020164007574831406	0.02514536246843586	0.019414341972332858	0.0190410855986712	0.01998513399836321	0.014588089621485069	0.020358729500741513	0.019938726836531428	0.019289869195698646	0.016735401017742808	0.021052119691065782	0.021857174471470384	0.020896085076180577	0.022241330182417307	0.020299499709356766	0.01991172448635053
NW_023496800.1	25589241	68	0.01876301741131811	0.01964774276942543	0.019543582605348057	0.021189996121033828	0.02128571394461317	0.019453415834988944	0.018718388931497493	0.019530143782213183	0.019472144527254633	0.02202655978057634	0.021401068152092435	0.020771961871736664	0.019170844229995578	0.01966031198816641	0.02478706684213074	0.01891913072741017	0.018629062007440685	0.019271163161009044	0.014085301561431262	0.019419815250227596	0.019398249635101304	0.018864144066898875	0.016121928052359655	0.020029713061046908	0.021247035007851155	0.020415125792476722	0.02147709555141447	0.01970770694389624	0.019253990014987975
NW_023496800.1	25589241	69	0.01987854243170237	0.020803811646695976	0.020687391967676678	0.022576030334876613	0.022978240593218152	0.020253499072186314	0.019601415827876594	0.020464206856937634	0.02047557769631694	0.023609822233535287	0.02291407858206883	0.02234067489444729	0.020888330879036476	0.021301013647430447	0.025808760119238928	0.02026014818950784	0.019799000904816226	0.020653388321638932	0.01467203403804049	0.020945852126943217	0.020775264773537708	0.01969348153548612	0.02002874293461159	0.021445428697208366	0.022808883451718494	0.021700419935867566	0.023038997269629678	0.020752562385948022	0.020061176019109787
NW_023496800.1	25589241	70	0.02328751282894061	0.02430000449151273	0.024109913266077608	0.026600340862536747	0.02677549047999145	0.02395477510890766	0.022899685985524564	0.024126015174727584	0.02392898424221216	0.027794678963982838	0.026963251260866322	0.026203025150324195	0.024715636280818687	0.025535249971566264	0.030535742597041646	0.02441847224815252	0.02307225914195619	0.024732420161655215	0.016696283619905977	0.02503767770124059	0.02452838367584241	0.02284868647151091	0.024165937591643673	0.025322089805597123	0.026860245610516528	0.025220002849338407	0.027120398525577738	0.0241859638303947	0.023048869409503975
NW_023496800.1	25589241	71	0.022308614639143583	0.0233678452098722	0.02301428364552956	0.025544005156638534	0.025467053265985782	0.022453859184668665	0.021434965904479596	0.02313114803188491	0.02288247602252161	0.026222935244272255	0.025241772522243085	0.025183121942090488	0.02367517045719752	0.024340408305756286	0.028520551032351762	0.023156857643553998	0.022874807534011898	0.02369994127013821	0.01687423605570763	0.023998315331893456	0.02373916175376217	0.021716573156689047	0.02345801412646347	0.024529019741111848	0.025685587650881882	0.02393090218067542	0.025722013242870812	0.02294884069613844	0.021814171587529733
NW_023496800.1	25589241	72	0.01882083566025029	0.01970106326921263	0.019738075577375676	0.021285130600136534	0.021430935963153503	0.01904054893571012	0.01824460333863568	0.01964000006084193	0.01932793854635366	0.02242196733943717	0.021509095768264968	0.021606982130388797	0.01951458243990569	0.0203626710528537	0.02528342332903618	0.019422147694159186	0.01920932265340734	0.01947199581202882	0.014392150351643485	0.019958820420572964	0.01966892464660628	0.01848162979173317	0.019868359832567916	0.0205824065762048	0.02157595810936478	0.02038813415815499	0.021853309174169493	0.019590010881372685	0.01866080040456789
NW_023496800.1	25589241	73	0.020473340156232644	0.022498298386065686	0.02215733487294392	0.024387009782561916	0.024494823852835232	0.02193451654315786	0.021369163397722296	0.022582640741995202	0.022178057780713384	0.025088411586946063	0.024354273403381446	0.02391683971044225	0.022478326533498013	0.02314322072456557	0.027249750481886475	0.021653073806944225	0.021971349909255988	0.02236633217504311	0.01571115986428931	0.023138026346012665	0.02236437456561961	0.021107700794390942	0.022640085196756032	0.023509059029108346	0.02445572309565855	0.023323294399292288	0.02462412773057752	0.02241096734570335	0.021425801891526933
NW_023496800.1	25589241	74	0.018532313471521462	0.02052892749613591	0.020660263123718166	0.02247685086325373	0.0226559776997837	0.019880532549058222	0.019249540165774976	0.021029032258521	0.020439486519056693	0.02380232028906339	0.022753549594714744	0.021846437604376073	0.020855057596010657	0.021219176212623998	0.02724392884624341	0.019823030255173107	0.020328575030706345	0.020902526126128577	0.015918116739783647	0.021293748886869104	0.020853134100364	0.019521888878794184	0.020834268903589456	0.02174846971350949	0.022650804792494133	0.02171549337799028	0.022858316853740825	0.020757573665204903	0.019342256581392873
NW_023496800.1	25589241	75	0.01935227418378407	0.021408069961090445	0.021571641962688997	0.02324596325856197	0.023397286983550435	0.02060129441068274	0.019798598335132752	0.021574546911587274	0.02128438202274321	0.024315573085340846	0.023386132187061863	0.022463201872307343	0.021590433811562608	0.022012633470215204	0.027153118503833205	0.02046431800022679	0.021086187191307924	0.021537418593643397	0.017135198843504392	0.021602161976535084	0.021873601143838503	0.020529640515507857	0.02116455214691863	0.02227835543784804	0.02341381449291742	0.022498280281086518	0.023644074083073383	0.021429294101464658	0.02030352536947191
NW_023496800.1	25589241	76	0.020351071445320296	0.022115256461170588	0.022109477775583596	0.02445642214920853	0.024635872256654364	0.0211567707191239	0.020778344544595127	0.022237321555160516	0.0217685135096999	0.02515254872456549	0.02483274972695341	0.024175495070941966	0.0222269842927158	0.022483064127860056	0.028156338604897406	0.021830835484586465	0.021895054605716655	0.02254074607651478	0.017256732351206585	0.02245003675301425	0.022254439606978992	0.0210803354171785	0.020638343062984187	0.02327667706650174	0.02455854151120775	0.023122570415452598	0.024861615030994894	0.02161913091597983	0.020571829403920317
NW_023496800.1	25589241	77	0.022944130916575427	0.02377033306502414	0.024000937344188428	0.026014581315249308	0.026065670004607158	0.02234570444418377	0.022152738145666952	0.023891182138176335	0.02369447326920434	0.026727386710157945	0.02611288308306681	0.024744837676155314	0.02423791925655623	0.024319626766568164	0.029097408432438226	0.023673331126038893	0.023649416051936538	0.024273650111927312	0.016741736414289134	0.024014137738805324	0.02380975824232156	0.022728653363820586	0.022579389682997407	0.02508415939474325	0.0260534160586243	0.024795415597857303	0.026152061881072917	0.023378543739312977	0.02194280384419099
NW_023496800.1	25589241	78	0.01813942328819381	0.01912667390056769	0.01913955562614827	0.02100931098759183	0.021067837038122317	0.018492821690768765	0.017687339698999913	0.0192362125791639	0.019224410270187044	0.021965189359100145	0.021276552671300818	0.02020835666971468	0.019089314136228455	0.019672041532948183	0.024713191192367607	0.018763524578517692	0.018902232712919468	0.01923383219334626	0.01399422779233429	0.018950213819955857	0.018551741645878514	0.018382276739296242	0.018267760511871484	0.019890887705956647	0.021165481799238498	0.02027321022096427	0.021287681256106986	0.018845050165947574	0.01793906966731311
NW_023496800.1	25589241	79	0.022425466374397653	0.02319594270018612	0.023548083115267095	0.025552885500147313	0.02556476031140985	0.02241080213519824	0.022074100421302086	0.02294941462322997	0.023773862688175256	0.02614859781946838	0.025749720579103613	0.02486317824926859	0.02366591727677312	0.023660530731518657	0.02813029518792551	0.0227934137463514	0.02379911013703014	0.023665827792880713	0.016127635346115977	0.023630300767799133	0.02117043859847652	0.022579790995186803	0.02208519053538529	0.024681886483180517	0.025638902842003222	0.02411465834685375	0.02580400209851906	0.023117650878497598	0.022055704180387214
NW_023496800.1	25589241	80	0.02040799633307131	0.021620333061390835	0.021731018250460685	0.023768119776662808	0.02392178404150895	0.02066977729147919	0.019994884273180875	0.021415775383330244	0.021635375478677422	0.024717714718642633	0.02399287503154848	0.022967538761088334	0.022201211500370518	0.022428236452886403	0.02819033852496799	0.021543499420943905	0.022299537156427143	0.022118486099036622	0.014653950958810613	0.022242641402643974	0.020395851435951608	0.020484838119571223	0.02147859693082235	0.02307720998714759	0.023883805397169718	0.022489180791460485	0.024112302154895855	0.02096774034377521	0.020103948917305575
NW_023496800.1	25589241	81	0.02039110717597746	0.021958018319080612	0.021832585889898615	0.023611680288236417	0.023765805480154414	0.020638554847581595	0.020186995484044318	0.021819739977312874	0.021826770860925004	0.024373615439284443	0.023955895045850845	0.02249206372978439	0.022135255129618038	0.022078322476033117	0.026963733599946922	0.021383486670781975	0.022045933293801775	0.022009026451270793	0.017149359004808646	0.02236506969174127	0.021464237466700592	0.020655690263430778	0.021760002081575705	0.02294016099755972	0.023836125556263143	0.022658182416624977	0.023963828240510417	0.021381380416748145	0.02059806502291206
NW_023496800.1	25589241	82	0.016339734340932048	0.018060330451364678	0.018177140057465076	0.02000164780092812	0.019973284353561382	0.016730911237655462	0.01629269183056816	0.017808261544803836	0.01775159470523956	0.020751058257459515	0.02014929188227582	0.019388368826336787	0.01824941780302395	0.018455154726676214	0.02327311084562546	0.017334844159701837	0.018061046257389593	0.018223429848250965	0.014622879790028437	0.01869481476228077	0.01827386846717014	0.01672395721939916	0.01848890635806129	0.019260930207649248	0.020128096790396326	0.018373523194057047	0.020264229574107645	0.017704846592770128	0.016902815263455412
NW_023496800.1	25589241	83	0.019500028147249077	0.02155849300014671	0.021597660456455874	0.023269914051192057	0.02355640692348382	0.019496010392938704	0.019292871447328223	0.02114927899123926	0.02087054454634384	0.02417162448237934	0.023615780277618716	0.022335389549673824	0.021558849686293555	0.021621914201323433	0.027179979057139172	0.020359041139075815	0.02130499888609182	0.02155520481157448	0.017714896405721704	0.022091962583231477	0.021238665155968398	0.019693842414915976	0.021420602788405074	0.02243952291667464	0.023535540246059326	0.021814012071900493	0.023604321771263405	0.02067809009848664	0.019680454678949924
NW_023496800.1	25589241	84	0.0218405815440775	0.023071656054281447	0.023087696139594254	0.025390224269946037	0.025384679359219432	0.021257309512607857	0.020785408883607946	0.022849879564076882	0.022700369501917114	0.02603203014256852	0.025450577635685184	0.02447519052544355	0.023314541389189695	0.02375558972703352	0.028713634434620793	0.022332167262437717	0.02304210837375714	0.0232794406858836	0.017836231841093373	0.023886459556267933	0.023235672661426246	0.02131854285484763	0.022983394057048762	0.024104570667150844	0.025571197452626353	0.023838688382568703	0.025750051636440414	0.02239626512969403	0.021440818507170487
NW_023496800.1	25589241	85	0.019178142584625503	0.0207451601345009	0.02058820325637002	0.02261149910788737	0.02266597513194348	0.018988805711111972	0.01838043570340909	0.0205468328477583	0.020269658821795516	0.023194214853444767	0.02251476334016639	0.022037833345368005	0.020604442587065383	0.021139621808727357	0.025743479800028463	0.020087780971050972	0.020616400538478814	0.0209146766115012	0.015263929430931493	0.02092393251370123	0.020323083008044102	0.01907415173609108	0.020627167359142298	0.02158372531489524	0.02265438845492954	0.021390135365305516	0.022733489539105197	0.02000043017068528	0.018980812414770135
NW_023496800.1	25589241	86	0.020556937570367296	0.022127070526146778	0.02226011322681465	0.02445738425194902	0.02464554312148754	0.02056492300493204	0.020051840816131435	0.02223264990538274	0.022019733378302715	0.02514426420107075	0.024643927278529276	0.023761573998345054	0.02237757003960146	0.022743480721590836	0.02659397472062429	0.02197989096474826	0.022369168776817567	0.022558097647025516	0.01710975431042527	0.022950262226207153	0.021633613922379048	0.021284248122598687	0.021708287794964656	0.02349196037384782	0.024568896610588923	0.022980292049678715	0.024793696888195046	0.022174275026866606	0.021036658357406878
NW_023496800.1	25589241	87	0.019386077023824402	0.021126603320206036	0.021142725395987518	0.02282107435870651	0.023078703404964655	0.019516798836748745	0.019025092965132794	0.021230703109308142	0.02126092442477592	0.023523228906988006	0.023011229052922258	0.02235880597026319	0.020481219450567814	0.02156929701836676	0.025229462120424567	0.020722115679055103	0.020924058572819815	0.020683685196921934	0.016772024623578716	0.021076772372837525	0.020759731081301722	0.020202686558340992	0.020793180618178496	0.02204522177646019	0.023036650486093317	0.021287109671596343	0.02323039717024144	0.020731695321489423	0.019786347952341354
NW_023496800.1	25589241	88	0.02268827632660294	0.02393195326447363	0.023866532508927254	0.02636955361462809	0.026516857278038628	0.022064029836676918	0.021643528649807606	0.023976365946533292	0.023849909390100083	0.027036613321410014	0.026733141974648204	0.025859988044056505	0.02361196794763452	0.024527630060574585	0.029488457495432677	0.022887129799221053	0.023734510971216788	0.023703735131150667	0.019460420634221643	0.02413269635984512	0.02410669377176239	0.022758615713495314	0.02404020424478737	0.024852244520006974	0.026651075979853868	0.02374802865782354	0.026692561590753033	0.023232216257889526	0.022233270870000522
NW_023496800.1	25589241	89	0.016759120657651536	0.01801256680342275	0.0177927073138787	0.019412699917964755	0.019513850728107875	0.016760873608945556	0.016374614459332096	0.017881568094596026	0.018068105187460253	0.020308248723744184	0.019526373363576856	0.018946108912814102	0.017392545096623326	0.01817599616878203	0.022744131790625594	0.017112300234875106	0.016625288895375265	0.01754763133280336	0.014587545864415817	0.017537889716973752	0.017765836354432477	0.017060770390505544	0.018079100429788143	0.018208289976078543	0.019423912075515973	0.018005768989057563	0.01980679324291075	0.017832611522903146	0.016820804375219336
NW_023496800.1	25589241	90	0.022210419330264703	0.023523611316742656	0.023273677181941684	0.025809355617575414	0.02590471755684778	0.021907305676534733	0.020914254837390383	0.023230183675602954	0.023654321662891813	0.02663041006219443	0.02601048059561852	0.024927040538511743	0.023534886102468826	0.024022917609462843	0.028971411313439062	0.022532057597444446	0.022139611384115923	0.023260428299427448	0.018144092840799122	0.02359926407740855	0.02323387074957706	0.02212571882005906	0.023840665333689334	0.02439354163714962	0.025940442013104862	0.023287292881741316	0.02608615776094567	0.0231530358620377	0.021619007652566948
NW_023496800.1	25589241	91	0.019694471237707543	0.020967364004780612	0.020682252530278614	0.022913331998744364	0.023284073375296303	0.019389079873738908	0.01872451615571504	0.020711493957301763	0.02088060782551835	0.024018124735860593	0.02308813930504262	0.022725578661082706	0.021091372956127626	0.021369358964416954	0.02599960902167182	0.02042282913775518	0.019088095075958926	0.0205190924959397	0.01535521149012169	0.020931604309859093	0.020729534753311282	0.019787339504893815	0.020607277186447632	0.021511117713218703	0.02317771931866783	0.021184980853386482	0.023433917922582814	0.020665757708510115	0.01953690034407996
NW_023496800.1	25589241	92	0.021642759233679042	0.02295307814677858	0.022592969354743673	0.024924032200018112	0.02497659650272063	0.020786532458716433	0.020269876880556557	0.022394899819309255	0.022494060369361035	0.02568231008497816	0.024888398261076954	0.024064215799642	0.02283454508257739	0.02371224197996576	0.0278775553622931	0.02223226394124578	0.02140041593209844	0.02259374718101946	0.015086058944252153	0.02315442228103509	0.023029812779957106	0.021205538723296714	0.02336300435963297	0.023588415654727878	0.024978881543107196	0.02312563889140015	0.02516846587651545	0.022238485431941065	0.0209918751008682
NW_023496800.1	25589241	93	0.024612531173206567	0.02612794721093293	0.026154260456956673	0.028517283652919508	0.028677728937960383	0.02477801181472599	0.024353578513889196	0.025885784270812156	0.026562201032017698	0.0293008893970381	0.028626215134213217	0.027633851718901842	0.025864626210884947	0.026749205145863417	0.03175881505839181	0.025357302801100996	0.02480899911000047	0.025907387586285784	0.015248320735642439	0.026428692896934215	0.026113528826260297	0.024657603911159065	0.026956722578522413	0.027085489187783224	0.028602062911312537	0.026794759991076337	0.02877829267296386	0.02602734908879007	0.02475126013642598
NW_023496800.1	25589241	94	0.024575782389984435	0.024854189924273747	0.024621638554692887	0.02706398439698271	0.02725485286995281	0.02311355507990876	0.02290710207270944	0.024250073317132168	0.02485469373647476	0.02781615449702399	0.027341559826754416	0.0262581079585228	0.02462636735833703	0.025518979317285733	0.03001197385495615	0.0236422988288918	0.02437618753396984	0.024509207911048644	0.01666987341522639	0.024972452325269644	0.024810749931523962	0.02334681306974249	0.025904477198804236	0.02616508782427832	0.027188317472618507	0.025250138785685633	0.027347891858358783	0.024728211057544643	0.023096548974618925
NW_023496800.1	25589241	95	0.02073919372176966	0.02080073995019766	0.020699741637096338	0.022903111092301847	0.022963219164923006	0.01973443875517004	0.019609366691856346	0.020635842756470093	0.020997762843343634	0.02361839975083979	0.022978858651915013	0.02325624560128643	0.02028081415630475	0.021501979518810273	0.026364701072313035	0.020333843032061306	0.020312470796995687	0.020267725965813662	0.014825245329831534	0.020439745221832725	0.020840621743093018	0.019624295131617776	0.02169985999256475	0.021577324431641353	0.022747676183276316	0.021488189586546642	0.02317452684227367	0.021261114514432387	0.01990963222619145
NW_023496800.1	25589241	96	0.025280382918493806	0.025360868866123272	0.02506364749071258	0.02766917422444217	0.027954159208721633	0.023670622866356843	0.02338688652555793	0.024931571585896397	0.025348465222272798	0.02841504983794361	0.027590987544404217	0.026718855194155792	0.024979462880294095	0.02642360853842261	0.030787770505139003	0.025034436329759123	0.024826416997433383	0.024810970712181912	0.018815966049255024	0.025070722168786714	0.025521828587399882	0.023806180507724446	0.027162978677694762	0.02604835070789256	0.02776724783050409	0.025547517588656723	0.027812865615402377	0.02498268592136851	0.023248937774879855
NW_023496800.1	25589241	97	0.020664586147017494	0.020827211568906913	0.020692979224075134	0.02284705044018496	0.022878986829677758	0.019249174056250765	0.019186620557109568	0.020369199105948158	0.020760037307470787	0.023459441531223264	0.02297925944998856	0.022194879853908316	0.0205498838587381	0.02177948869001064	0.02532966813427109	0.020186617947476997	0.02062031435876024	0.02031866756352961	0.016635101598534187	0.020961816026593333	0.02095852777816157	0.019575321074999156	0.022712853263261674	0.021573042938745818	0.022830486669968026	0.020930643001594997	0.023047358593669267	0.020723128544130363	0.019057863978471035
NW_023496800.1	25589241	98	0.02256392891598385	0.02280872536589796	0.022652564688784724	0.025233054607189852	0.0255318578375254	0.021211427718422864	0.021334293907983956	0.02254510833042619	0.022768441910919517	0.02592841676856536	0.02543175593593437	0.024785828759434497	0.02242185041235848	0.0238981670849127	0.02768337716765124	0.022635923341256393	0.022476354754604792	0.022584508176950135	0.018331323877710415	0.022478958611802186	0.02299202555793492	0.021541554856603046	0.024839430884075253	0.023136311549468106	0.025415115118576345	0.02305095160483421	0.025643167877550145	0.022749692369499933	0.021196546244116814
NW_023496800.1	25589241	99	0.022819832601092112	0.023757646550485748	0.023486239764223375	0.02614382879359201	0.02629806067228651	0.022154210603672956	0.022038265043785914	0.023421540036917123	0.02389942344007351	0.026943785210401264	0.026161882176523307	0.024652279106855166	0.023389047895753596	0.024839993937873485	0.02927279548172848	0.023350068787544552	0.02325263745339113	0.0235638493227455	0.01949689184461255	0.023580050612409035	0.024124564777434677	0.022089371520866766	0.026007981646625305	0.024357889801597036	0.0263088552631684	0.023952035377225036	0.026238552064788503	0.02365660288966165	0.02218770680228265
NW_023496800.1	25589241	100	0.01929178060945638	0.020960899636859313	0.020496594783460782	0.02297843520398754	0.023140703798771818	0.019713295061649046	0.01962922138017149	0.020918178821029698	0.021192833314343656	0.02382674470977884	0.023328863219353905	0.022492766575551906	0.020327442536749216	0.021790875898813115	0.026558634858897017	0.020384893310792768	0.020023579602823433	0.020519196226686996	0.01793481754636593	0.02033879893637671	0.020841523655631525	0.01986610561224948	0.022554553264400114	0.02110835443429197	0.023255066653811097	0.02120479725312493	0.02340155375253015	0.021055346922403597	0.019787889517476495
NW_023496800.1	25589241	101	0.01701347337599703	0.018322433440602734	0.01801634242908287	0.019549477881603706	0.019962397094561005	0.01721364472921748	0.017264552412348637	0.018356444030231015	0.0186376292822683	0.020524242833878176	0.019994456621433343	0.018716582421106208	0.01721221528755934	0.018361909467673597	0.0229902414863452	0.01701166589593125	0.017444133719860182	0.017626909312461764	0.015100151123868841	0.01766584600126321	0.017646699359324218	0.01728966474399704	0.019294937352433157	0.018191290473102605	0.019778411247176032	0.01886700664514652	0.019946865360736234	0.01848047268131634	0.017162210985943862
NW_023496800.1	25589241	102	0.020217669228963616	0.02191188717884178	0.021420109401911074	0.023790703955438055	0.023742841434899156	0.020542524030759957	0.020748902652054268	0.021628566003606672	0.02226341295139895	0.02465155795179682	0.02383045759315751	0.0227184249856884	0.0210451374533684	0.022583191211661025	0.027124176570400248	0.02126340718940607	0.02140779524464684	0.021349542631337072	0.01710648968689465	0.021728775199849327	0.02165788579890891	0.020727245489072257	0.02292775946987305	0.02192979750452553	0.023776393099210785	0.02240749193012927	0.023819069519582504	0.021650026035078797	0.020773988172154204
NW_023496800.1	25589241	103	0.021903330219642244	0.023681573497938552	0.023268417623300407	0.025903839339396603	0.025863416740080945	0.022264106099020416	0.02217052624616542	0.0235773431646379	0.023731683699798927	0.026378575522887374	0.025788103715931286	0.02461011494378849	0.02364376527538853	0.024597288337687626	0.02887848590739303	0.02303987292612232	0.02335966855014713	0.023516134418259275	0.017929224145068975	0.02386700313183482	0.024101062401703028	0.022548431304548554	0.02522311852836229	0.024233004603584775	0.025867200816167973	0.024097770613432826	0.026035775503410463	0.023547832881941847	0.022628648295131205
NW_023496800.1	25589241	104	0.018926421032072278	0.02102763611554267	0.020545769221577213	0.023386496097204217	0.023410923506464648	0.01921696588198439	0.019642524394825892	0.021027151417642467	0.021094574319379836	0.024148878495090276	0.023214136091154663	0.022444517960048545	0.02110712244564768	0.021941548135007375	0.027134960685417816	0.019759494358297075	0.02095501476925379	0.02125364236117098	0.014936793951617676	0.021381853583569692	0.021561192296961764	0.020035189530098106	0.022816842154767942	0.021669213601742364	0.02349493523171661	0.021769120099992455	0.0235537072190593	0.020996132984849515	0.019982041379322215
NW_023496800.1	25589241	105	0.02014297660219614	0.02280889765551843	0.022202941976749473	0.024671192503567446	0.024728950084416255	0.020943389307870416	0.021159282889134188	0.02243778723577481	0.023001116143021097	0.025483364187782676	0.02469240994801088	0.02361202794334414	0.02245502288776729	0.02322742949003892	0.027913045854493897	0.02155760638005476	0.02202094896306951	0.022688886724408615	0.01656265421326493	0.02296461507235025	0.023166709247415675	0.021405798790298962	0.024323430015536433	0.023711961000743173	0.024816185539536628	0.023132344275448625	0.024866462570191504	0.02281701350884355	0.021166354471294873
NW_023496800.1	25589241	106	0.020672288258838347	0.025593071801411807	0.02479343273849112	0.02731107889941009	0.027224110967116102	0.02318591276983123	0.02343539576012821	0.02491757610992963	0.025301205324795295	0.027925052505146947	0.02729118559672675	0.02596206817090966	0.02484876165574418	0.02592593941625411	0.0308115311314569	0.023816625240378118	0.02432798480689828	0.025056765880873653	0.019934235025145967	0.02543209666322531	0.02532933879025615	0.0236894811016443	0.02659517534684534	0.025804591901648608	0.02732832683698627	0.02571417513281231	0.02738963339622714	0.02528802122662109	0.023655821512152578
NW_023496800.1	25589241	107	0.018525211316649432	0.023884462042738277	0.02305632257592131	0.02588171314385655	0.025843675795052104	0.02186603501355804	0.021956553951941054	0.023562274096312587	0.02334890233467758	0.026523016374863803	0.025875917222234656	0.024207000366008445	0.022788071094753587	0.02429591404097745	0.029593950157110194	0.022287657733729187	0.022318874989092387	0.022534765766797794	0.02062848635269279	0.023413247708010176	0.022240682802029052	0.022269803392425198	0.023975020350855508	0.02371613982059365	0.025919412175679064	0.023967148572703857	0.02594341603046016	0.023439416625770048	0.021942679192641267
NW_023496800.1	25589241	108	0.018635289024811034	0.024354574733667537	0.023562786436542877	0.02618335293867808	0.026230067916965666	0.022593653283890836	0.022691853506536026	0.023909840549584404	0.02368542583530406	0.027191649506362398	0.026273068768212896	0.025081889186449633	0.023252150561578047	0.02516201339325819	0.030416553401047527	0.023244911267802554	0.023011123953812423	0.023557140748077028	0.019542143258659952	0.024042388355599128	0.023295222298283735	0.022961044262724602	0.025074996589122586	0.023692700308177335	0.026237175076784403	0.02488455700640035	0.02668350531558523	0.024473581209506174	0.022305666667881852
NW_023496800.1	25589241	109	0.018154139764074363	0.026025597993543537	0.02489219446322495	0.028177467661994547	0.02798372846144674	0.024075646535359548	0.024004964744013386	0.025284599638424332	0.02551741745590825	0.028905789313893194	0.028092195701725074	0.026677145599070237	0.024854040236943598	0.02687626939907388	0.03193480587667142	0.025366951921727488	0.0252660509429455	0.02508393572978696	0.02101821789497295	0.025650774245878805	0.025402735399913796	0.02433085039260398	0.027072910557678433	0.025380728280925798	0.028091458859450313	0.026357703513678683	0.028448496030893087	0.026043297441998015	0.023163431576544945
NW_023496800.1	25589241	110	0.01792107258175315	0.025693917271545852	0.02482967351510569	0.0275535155998957	0.027861564630835323	0.023962168234518227	0.023970031405801145	0.02502845134131107	0.025398591108164545	0.028508877694728953	0.027752708902635335	0.026019210498183995	0.024694331217292184	0.026151892733653682	0.030745215076566353	0.024845613722158794	0.025594639639073904	0.02428386633561667	0.02055416369526648	0.024921403916417544	0.025161218625119924	0.024134435424684707	0.026382746511812074	0.02513310884512502	0.027793507725908786	0.02632920093671525	0.02773881190043114	0.025867191085459342	0.023035875897632726
NW_023496800.1	25589241	111	0.019821994094393308	0.023634268310250214	0.022778571994164963	0.024974992092829957	0.02521693492564915	0.021886408537688095	0.021758994525753347	0.023089008848872005	0.02303152217139255	0.025703464809831454	0.024966649396226368	0.023682032589237685	0.02272834846072106	0.023811810114111542	0.02878844297800058	0.022584272936530335	0.023149036306435496	0.02241458534357637	0.017664941073347908	0.023233988274043414	0.02354467971907104	0.02255089581277839	0.024526249797017428	0.023382011836632386	0.025056637298783487	0.02426454068351537	0.025167520997039144	0.023751619698521523	0.02168846113062395
NW_023496800.1	25589241	112	0.02379464222805743	0.026389777023954567	0.025843804937072216	0.028143847587689452	0.02824139569355201	0.025121074131494604	0.024410833702200013	0.02648167712176873	0.026301051268816558	0.028791621690127677	0.02819751330745003	0.027195847063406758	0.025368909892687985	0.026263125477761738	0.030922735822845826	0.02493166657909784	0.025689099273770145	0.025098987189001002	0.020985233443148094	0.02504635094138564	0.026189601078957105	0.025444628830215525	0.02706388286764657	0.026228343210113157	0.02829689318449295	0.027173723574467977	0.02827697483607477	0.026827640795446122	0.02566495481242234
NW_023496800.1	25589241	113	0.02481176199745652	0.028298894682866102	0.027641550801667882	0.03026812136587801	0.030353716028907914	0.026724055355215902	0.026459993341499375	0.027967994881610843	0.027816322872112446	0.031005796983424237	0.030351418958256462	0.02831944533336835	0.027433824870871818	0.02863144479914868	0.03350070863926877	0.027523571182544768	0.026817087647454302	0.02686667896081407	0.023315237246089148	0.027771430946513083	0.02794354214343069	0.027260120650001503	0.029356082071200554	0.028175506666541655	0.03051051427356464	0.029061755067931495	0.03064146789850258	0.028773691927559252	0.027080192451209545
NW_023496800.1	25589241	114	0.02235956096852893	0.025283394974456964	0.024690255442989074	0.02738032133802668	0.027426372631509835	0.024378619560193552	0.023995505392379157	0.025321155987254537	0.025221615725830652	0.02787706621735841	0.027377605603934284	0.02609512563331987	0.025195152500842595	0.025972360003917998	0.03031241777240731	0.02513787276077222	0.024455548916310417	0.024646711863915174	0.020951514048284166	0.025413768484153144	0.02510532019667793	0.0243527778924626	0.026985212633897842	0.026337717184965265	0.02738010001705543	0.025761100362034287	0.027456585111051337	0.025784875428685735	0.024193758181947116
NW_023496800.1	25589241	115	0.02288933191740165	0.027109488553303977	0.026528123733589298	0.028338403304077536	0.02833807670756356	0.026282002847639725	0.025986488002304235	0.02701239598602067	0.026809718294585238	0.029189063014863757	0.028304792360106287	0.02705408763552703	0.02594533646780583	0.02691497960519615	0.03157450267658305	0.02588283879835561	0.0250006562330703	0.02526340194570408	0.022315044958954824	0.025858549931043737	0.025885832979396273	0.026150782958460867	0.027546177434406998	0.027074471659523414	0.02854855414831555	0.02744939807870056	0.028610168086463002	0.02745105124663004	0.026030227420644016
NW_023496800.1	25589241	116	0.021583682952836494	0.026115218496511505	0.02536322343522089	0.027466094245529305	0.02763794746797287	0.024880620776834932	0.024307273475943903	0.02551129930730753	0.025610611565269798	0.02838732926146542	0.02773829352158812	0.02666280472840956	0.02541938409280212	0.025914029245525078	0.03146602327761085	0.024990608494652983	0.02452653381213225	0.024674733273963433	0.021469232527232977	0.025428724309328663	0.025362340933637498	0.02475961979131599	0.027335177886085162	0.026457965370440532	0.027692498631516797	0.026632849520751428	0.027852881526488155	0.026602337531859935	0.02461272707532914
NW_023496800.1	25589241	117	0.022474349238012174	0.026849795176268006	0.026431033376343477	0.028733257959196103	0.028804064565379636	0.02554959864022382	0.025242542072474766	0.02674432484363306	0.026401106223632054	0.029346349538637656	0.028707439542535827	0.027393884174409515	0.026224855452427035	0.026913856585200104	0.03246068472063848	0.02615919423569979	0.024955093759486485	0.025765271317371503	0.021948453488969705	0.026421805379004185	0.026230600530146624	0.02582382447579416	0.028237219737004684	0.027292762038371457	0.028663385874469576	0.027561775939193713	0.028750861762054075	0.027514125967871443	0.025712110046902832
NW_023496800.1	25589241	118	0.0208125753557808	0.024699053185102248	0.02419978864846797	0.02644342079881196	0.02638349937305901	0.023524920973287223	0.023434600004618007	0.024554283693741498	0.02429953321538918	0.027299849216435232	0.026732769604037167	0.02517791896332609	0.024104835150802587	0.024918890654130076	0.02972912517833239	0.024535670975991547	0.02335093076691492	0.02395156498160874	0.019585562907831765	0.024658991114775635	0.02402926894041487	0.023886708063587756	0.026246456207520433	0.025216682962245163	0.026556788707625584	0.025420033995745748	0.02673282210765995	0.025365940936328935	0.023779034134474023
NW_023496800.1	25589241	119	0.020813012542551385	0.023954836963036928	0.023520639439038378	0.025600013751738905	0.025707422221855344	0.022846043108522188	0.022686493996105356	0.02342487647967833	0.02364835768670697	0.02607102020586901	0.025550402506467607	0.024035497154536994	0.023118364618261	0.02352080365636181	0.028426749889170343	0.02317792518851219	0.022608607582578558	0.02272351074945329	0.018271342292043444	0.023512435711170176	0.02279695203616482	0.02335978848250907	0.025081597763605946	0.02400429484172071	0.02542567933015561	0.02461361094238891	0.025712848193547067	0.024292785722125378	0.023308188069313
NW_023496800.1	25589241	120	0.019737457035927223	0.021576714411932735	0.021414280779981684	0.023527717700003996	0.02358044394370307	0.02066534522497597	0.020566260439570716	0.02140680423383318	0.021838097768553673	0.02418564194009379	0.023500532980150198	0.023079832276223424	0.021690732977883972	0.02190897722934839	0.02670113088650523	0.021019651467104838	0.02161439304639694	0.02123738454829757	0.01554309044769784	0.02209179169396258	0.020995761653337015	0.021408716199435927	0.023335994795903134	0.022566813508929355	0.023669114180638856	0.02229672530370003	0.02374836272771032	0.022274216597040396	0.02132209798572983
NW_023496800.1	25589241	121	0.019720997038546868	0.021825760922076224	0.021340303556620765	0.02362699440482836	0.023664270232885674	0.02072241836039703	0.020599301679660845	0.02159288825074618	0.021823390413628678	0.024400444974851797	0.023728054900985517	0.022673905033349023	0.021886463212395325	0.021747101575630156	0.02728179293961781	0.020520185179793687	0.02136920452554142	0.021394371813240432	0.01594476730290277	0.021901175742952084	0.020895255077317775	0.02121905280757382	0.02312525449953311	0.022301927693208812	0.023782565759148475	0.022439741900502182	0.023942183288491802	0.02208688433240089	0.021369164104909112
NW_023496800.1	25589241	122	0.01738410703329186	0.019029520694068883	0.018746116727888066	0.02063264947046608	0.020451191668174825	0.01806436199111181	0.01787866819007433	0.019258106638750685	0.019190523076245976	0.021510033616010067	0.020477311623673597	0.01970408385879842	0.01937806024297133	0.019625865982361376	0.024133650842974353	0.018422605330518278	0.018676701109124314	0.019122886657725408	0.015634516296589747	0.019503089522507403	0.018683888106702073	0.01848602279031382	0.020419644594835078	0.019673619648089207	0.020737173389731366	0.020340663391956684	0.02091145586098528	0.019512049105078817	0.01856239165590551
NW_023496800.1	25589241	123	0.02010708238894344	0.02264960983154828	0.022240506959214392	0.024871638108236012	0.024777539437405117	0.02184725182335655	0.021676425469958547	0.022606302917024323	0.02285549478956828	0.025490001990170125	0.02470831943032657	0.0242622400231809	0.022711105328542668	0.023121980563803966	0.027465359105221323	0.02192184636307731	0.02259234482862719	0.022223222097819788	0.0185987959706848	0.023280450292921712	0.02248129157355539	0.02219449234384042	0.024601615061389557	0.02324328390419677	0.024845463973413293	0.023457820124963117	0.02493591366667491	0.02291076757648159	0.02221256071698082
NW_023496800.1	25589241	124	0.020224417879067386	0.022897605037052213	0.02227008172967083	0.024536711409278995	0.024599094178770882	0.02183634300895534	0.021607261980374354	0.02275852002448272	0.022956212968149065	0.02544250284859406	0.024715101879844385	0.02472838406355007	0.022913956661282996	0.023486456647427763	0.0268273859434577	0.0220985576706919	0.022486079338839338	0.022453449667461416	0.018776362799026718	0.02353710039896075	0.02258588794175024	0.021921752109155042	0.024124675991700657	0.023658663575929818	0.024637478739204084	0.02356444119490418	0.024911563766257337	0.02248157424160378	0.021834308186520268
NW_023496800.1	25589241	125	0.01838401310748658	0.020582696905206442	0.020222877920599614	0.02241913790367278	0.022630309236756792	0.01979470805456966	0.01966446347775486	0.020487473545570928	0.020857237532922845	0.023054979765533345	0.02277037814239928	0.022255555043616027	0.020637384860702525	0.021025113413231673	0.02437347463382037	0.019865055221410487	0.02043026659583015	0.020031922364513708	0.0168789721494879	0.021064839920136812	0.02009772363883922	0.01996728226889161	0.022077661428730938	0.021220850602642477	0.02261620825451446	0.021396382635527775	0.022856830535612896	0.020411306379408984	0.0196260515576261
NW_023496800.1	25589241	126	0.017965294334177977	0.019961461560679766	0.019620159487512782	0.021521102905856463	0.021732513236692116	0.01926331291300061	0.019280577118009633	0.01991126317615387	0.01999234006257031	0.02240555025895515	0.021762557790595813	0.021642966854938054	0.01969507618575452	0.020478720695710873	0.024556506299182573	0.018937822033381863	0.019903543457781996	0.019179457476021622	0.01620974984412201	0.01988752118000989	0.019456479631638844	0.019590339489179855	0.02125679600265376	0.020468221701153595	0.02157859920687026	0.020797525748267185	0.02198889923825648	0.020056349137932222	0.019126692979536217
NW_023496800.1	25589241	127	0.016584106308837623	0.019079873143320845	0.018739875179292924	0.020842431431472387	0.020965322850626873	0.018431544224092128	0.018197504864938357	0.018794969418849228	0.01939726947305522	0.02172091585231204	0.02117881479277945	0.02063575501605832	0.01914405520256334	0.01969820735117856	0.024271166681807305	0.01849326628484246	0.018643255140139623	0.018753623437263136	0.015407588492801919	0.019319850713918448	0.018771448129454624	0.018525133264825997	0.020644136354764364	0.019788957142248906	0.0210309071170499	0.019718919808542602	0.021256606087320634	0.01897215060351936	0.01798971964574804
NW_023496800.1	25589241	128	0.017292218871696876	0.019690049324061792	0.01942085460172713	0.021417063824039517	0.02137959431378003	0.018932766888623394	0.01933072257636168	0.019416572207420803	0.019883900328360595	0.022311841540698908	0.021499923332634688	0.02133071138661106	0.019790616515372526	0.02053662278782803	0.025210711259784583	0.019496981916321543	0.01935793789487389	0.019279854568397776	0.01591879420607066	0.019728794680519815	0.019628886127274835	0.01900573281855835	0.02146608461421644	0.020369093184306967	0.021678765852301617	0.020651955020735798	0.021777352922266333	0.019902988964730643	0.018842508585346918
NW_023496800.1	25589241	129	0.015304571994146565	0.01671815399137928	0.01655318530566674	0.01840896218054258	0.01867939186149193	0.01625724208646701	0.016437822915658287	0.01657248570047815	0.017144155928359762	0.019359295668046	0.01857529747431263	0.01841087360249632	0.01698226311105251	0.017731829732950368	0.02213615184623537	0.016872330362790438	0.016747275544035933	0.01679648479207314	0.013948364981438446	0.017175163663277277	0.01678787485510555	0.016518309098187287	0.018419853795486676	0.01794484302445966	0.01852116588224534	0.017903742148443615	0.018853409003662305	0.016941202075568616	0.016070184985766837
NW_023496800.1	25589241	130	0.01622337787235784	0.01817515528803816	0.017962065543811526	0.020015359740791466	0.020174873407328646	0.01773815143885751	0.01770456099225115	0.01796831728594682	0.018230111150048724	0.020957393248982062	0.020432306813736763	0.020099821724856467	0.018052668815849948	0.019244217845968463	0.024077557173860283	0.018297619729668875	0.017650051722909035	0.018076942241116428	0.015097801547492455	0.018123709354652445	0.018713739637044858	0.01758533818438125	0.019852057169585335	0.018967458655814617	0.02020239227641514	0.01916575185522589	0.020526331575705645	0.018428645290668955	0.017493579019885176
NW_023496800.1	25589241	131	0.016711982141553176	0.01839597537952102	0.018262130228815773	0.020346338453158794	0.020375039042532746	0.01771788923685099	0.01799618454131514	0.018163719214172556	0.018578338484442073	0.020947632005170334	0.02031711529584856	0.01988819916448385	0.01884910601741073	0.01967793785288698	0.023884049224500496	0.018600829701670242	0.018564428265875153	0.018735535168830385	0.013789903149012198	0.018999603327127537	0.018893009687219287	0.017692189752701638	0.020234587386981216	0.019366626526330706	0.020280416449005162	0.019475931907174705	0.020576850362586253	0.018662746366303995	0.01777335659189216
NW_023496800.1	25589241	132	0.018277943142567154	0.020320688104793417	0.020276443811961073	0.022304209416904017	0.022423456876415795	0.01936487571460179	0.019710995817491476	0.020225057179571175	0.02063247036032035	0.022837151153108665	0.022539241125227472	0.022296305900342445	0.020528248340732858	0.021478552640827993	0.025125877960696548	0.01989345942938275	0.020638915809593882	0.020773007280219243	0.014086372524433203	0.02084618970874019	0.020153390390244337	0.019509353449275187	0.022270067269759348	0.02161922125373538	0.022432032782976993	0.02131444163519797	0.02267750318344304	0.02052399984250626	0.01932824018107802
NW_023496800.1	25589241	133	0.01614411454137031	0.01778565365238382	0.01760441329909312	0.019366467577579278	0.01947127359705158	0.01701117450421081	0.01728082322342773	0.01734972128759688	0.018070286954881155	0.020225850227484847	0.01953021727867869	0.02008846957742716	0.018123502222628624	0.018436114926328885	0.022934063355811208	0.017014856468507377	0.017858080671172658	0.017909214464194884	0.013466800210681487	0.018297844046792147	0.017498302234106096	0.01744842978959038	0.019439248182107443	0.01895687467557101	0.01959013348749581	0.01880704845441901	0.01993455539423151	0.018159533870191053	0.016984973818919096
NW_023496800.1	25589241	134	0.014680601655716271	0.016269402981364135	0.01607468826014697	0.018109271048921863	0.0182650595220738	0.015643575388436772	0.015727665300648865	0.01593375564746245	0.016763687235935097	0.019199681272604345	0.018239554959464162	0.01882147290855781	0.016663071175441465	0.0174434310332557	0.022507037526649624	0.01649879026612408	0.015947084133067484	0.01669900622715627	0.01309466699199375	0.017074605469896698	0.0166320582032196	0.015582025260857774	0.01830747477891304	0.017813504550652923	0.0182309379506928	0.017366718985384038	0.018451949307254738	0.01654415339605316	0.01530428169456022
NW_023496800.1	25589241	135	0.01394016999418718	0.015514340609870869	0.015352094092727784	0.01683682033820989	0.017308284756826227	0.01523621116178554	0.015426784036770566	0.015415680631399465	0.015861570718559467	0.017905101125081244	0.017230283846229582	0.017808855657865757	0.015251488587634978	0.016339508404977474	0.02122578931664154	0.015392352244077664	0.014937219425311262	0.015154558367382723	0.013236215676964995	0.015648228030837954	0.015335449346590733	0.014988859417373688	0.017161288889638176	0.016696110224604675	0.017245738349529083	0.016499431439825518	0.017467208364147408	0.01569041555512077	0.014917188729857365
NW_023496800.1	25589241	136	0.015178597931225283	0.016572507969255933	0.016355644601513848	0.01840263498466639	0.018758617770684327	0.015998216768537916	0.016091150085188806	0.016607506402482475	0.017217358879818474	0.019338358191268168	0.01890596674907229	0.018421879823820556	0.016990888174673955	0.017454785049997125	0.021736256774558028	0.016529363495949453	0.01645700032735646	0.01686665498615646	0.014113303284580757	0.017301973594045904	0.016961396561592852	0.016049318024866834	0.01809340858080279	0.01810856317553281	0.018613366711258718	0.017422910927234834	0.018821911014473062	0.016864521799045587	0.01576082396232649
NW_023496800.1	25589241	137	0.01696994900147762	0.01883888094450686	0.018580907026292056	0.02057737270484313	0.020759159631394287	0.018239104316691113	0.01835920646053605	0.018751380524449312	0.01940905524477221	0.02142096420308862	0.020813567830686813	0.020456738596125172	0.019111304321027537	0.019446401792071844	0.024239524542116267	0.01809004216367861	0.01817555622597458	0.018736614155913326	0.015111675702695573	0.019562088268185892	0.018860652468938123	0.018052798193809706	0.02036605764846918	0.019930177756683033	0.020787477962135762	0.019603685611148565	0.02085768499474838	0.018988356282503966	0.01789828475832752
NW_023496800.1	25589241	138	0.012104943393648164	0.013435570008241773	0.013502413608435833	0.015307820874572659	0.015585279907332996	0.013058393117065574	0.013053060594972804	0.0136156076766187	0.014115435888740958	0.01626005517332548	0.015471194645967995	0.015620737026678131	0.013804328877034899	0.01439569380882878	0.019033131814040413	0.013529432897430015	0.013406247441914291	0.013371223381852797	0.01129804965660458	0.014304506991010962	0.013592629450291384	0.013178348168788597	0.015147428829516855	0.014743427379555677	0.015446319029153612	0.014503931422384184	0.015654259848431697	0.01394448700683858	0.012973945827575729
NW_023496800.1	25589241	139	0.012136157597012665	0.013146380087134589	0.01304770431922764	0.014158080663068215	0.014355383429660903	0.012648521994392934	0.01278121023480484	0.013145510856238952	0.013727630287988481	0.015308439483631775	0.014263405684041679	0.014723061667344967	0.013003040227481435	0.01358247255057454	0.0180938274908875	0.012521099589593403	0.012436660307835842	0.012659440327962766	0.009974470564312898	0.013534248860226968	0.013204282807013875	0.01274561401763666	0.014298509600982397	0.014340232030653247	0.014306108171766826	0.01422813331064003	0.014619990841588285	0.013557891046762966	0.012648342944309249
NW_023496800.1	25589241	140	0.010851173378033967	0.011760195318492777	0.011777528817706301	0.013072268103963868	0.013373764499534797	0.011556594233555324	0.01146191795601052	0.011955459916093716	0.012360320568906158	0.014024591327817222	0.01338104298837641	0.013177907740827893	0.012450364076039978	0.012551434143147503	0.017195999742181372	0.011930779913014083	0.011640933075654147	0.011946616216982188	0.009631080503435679	0.012841326581027442	0.012281078664890296	0.011522924254019582	0.013604989654687679	0.013408967352551432	0.013344585226610996	0.01285167969642061	0.013420045907854377	0.012357545039205409	0.01132240169413642
NW_023496800.1	25589241	141	0.008038413166232607	0.008706956684396227	0.00863476719613284	0.009884395215075427	0.010260451457059741	0.008414235116945156	0.008462223795671695	0.008679607347758583	0.009141425812192796	0.011083394575779809	0.0101876552066753	0.009963116057324526	0.009010510070991712	0.009325784322183488	0.01562221753031788	0.008917411857458516	0.008381081899988738	0.008697920079740216	0.006864959006960595	0.009407462065832095	0.008890941417345317	0.008731565310921357	0.010305534579125284	0.009958596183133868	0.01009516071001636	0.009795543995194025	0.010251389052362414	0.00906596859118562	0.008305637769153877
NW_023496800.1	25589241	142	0.005285533113692786	0.0056178978824699645	0.005606252273489831	0.0064652707512823345	0.006595664472093377	0.005335318339174823	0.005502194978322951	0.005515644741628038	0.006159030491337415	0.007647812161102771	0.006713684313513139	0.006425375959093535	0.006040374598110632	0.006190056143489701	0.012447905919430971	0.005683447070759267	0.0057437392573749515	0.005821253739477354	0.004779743176433397	0.006455124812527884	0.005996485325713418	0.005808816530501587	0.007335425923893719	0.00722466391829261	0.006649446479856159	0.00670358729668845	0.0070323803235358	0.006216790244665513	0.005607431440184277
NW_023496803.1	1369652	0	0.0014462294570286702	0.001437053739684759	0.0014996713062700052	0.0017170185464401892	0.001772557495968135	0.0012817403199859034	0.001700030124277295	0.0014823919483038038	0.0018957680361410662	0.0021703213949352245	0.0021165413936980472	0.001583768268878252	0.001422227405129718	0.0017012970139735548	0.002734131969443097	0.0015960160001560915	0.0015401611794347945	0.0012225093870685089	0.001286383798222755	0.00179445614106866	0.001440814127839759	0.0018670798894418472	0.003928820684859971	0.0043261185910191055	0.002573843889346205	0.004548512198557123	0.004511391385652969	0.003668097718549168	0.002096394168313785
NW_023496803.1	1369652	1	0.001439326368353318	0.001467723517991735	0.0014971072706616742	0.0017771727498528847	0.0017452161346694676	0.0013015881302784861	0.001841173311239487	0.0014256387988498018	0.002056312603069923	0.002275611462466609	0.002331358282365698	0.001790395597271767	0.0014139598922191928	0.0017699331335409771	0.003409628018082353	0.0016040669203445735	0.0015198514287843112	0.00137532025578015	0.001308166953379952	0.0018517950150692096	0.0015343802386460347	0.0019058962566035577	0.0037285959471046975	0.003933794345204529	0.0022614004933735315	0.0041333705666663665	0.003727431933348404	0.002749706966683649	0.0018522129186265047
NW_023496803.1	1369652	2	0.001669689423928051	0.0017289086965549614	0.0016662219545783724	0.0019020369502270075	0.0018112349837040116	0.0014646837505907977	0.0022517292344426195	0.0016167650038718968	0.002341452082088722	0.0022417476291787452	0.002522151205376686	0.001944756459790612	0.0015136606519008523	0.0019544246451819944	0.0034304288590590493	0.001764001574811717	0.0014471294803930848	0.0013695641253459242	0.00132676575932385	0.0019233435738722027	0.001582267834814033	0.0022222669922053215	0.003923681999617052	0.004315152386356084	0.0024966360160159104	0.004922079081350531	0.004442121147547623	0.003274569709144995	0.0023050732322008657
NW_023496803.1	1369652	3	0.001367339753913841	0.0014271994476680572	0.0013986229924127546	0.001659401164725516	0.001593490832458334	0.0012276554182932128	0.0017656800471335726	0.0013288689318719906	0.002052754381402557	0.002082918766337016	0.0023382159952880085	0.001869003864513645	0.0013946877362614244	0.0017318864449534733	0.003998123893326832	0.0015561379142822163	0.0013837675930762237	0.0012154867843592388	0.0011951350308361211	0.0017291994963932536	0.0014997101600917738	0.0019541397939373943	0.004005008002280967	0.00411724170661048	0.0024566602627868724	0.004752489719054547	0.004720288657913395	0.003841842700370634	0.0021880304023277454
NW_023496803.1	1369652	4	0.001514568631470136	0.001644483188929357	0.0015557579022754055	0.0018132280245074814	0.0018036977319585263	0.0014310513644425079	0.0019291682696459087	0.0014953897460566405	0.00212635603237782	0.0023268929218595883	0.002442514209809412	0.001851065199962539	0.0016118804210101371	0.0019465263181033616	0.003417715004972198	0.001818610550101386	0.001695219872726029	0.0013972676610145545	0.0015728193401461884	0.0019268337672330993	0.0016868040190698686	0.0021112034239323474	0.004335765622081901	0.004663202083254542	0.0028384011976712374	0.004838309747726879	0.004608482352457251	0.0036414608056811316	0.002535681525456738
NW_023496801.1	249963	0	0.001795876589753974	0.001815934438869491	0.0018285197109359009	0.002017330157196179	0.0019199682622015872	0.0015803409706481694	0.0021712468694973968	0.0016149371437835496	0.0023664169605335486	0.0025350686422830554	0.002527603084715793	0.002025752593190317	0.0017115947382722525	0.002146480605382986	0.004725714796180867	0.00190539729900164	0.0017688928135746644	0.0015773204313080029	0.001623024673153678	0.0021897398351457737	0.0018696452300794814	0.0022898674945839403	0.0036246269725765338	0.0038619355978906926	0.002416356041177346	0.004445589957788771	0.00423364037287714	0.0032698199463077234	0.002329926688641285
