contig	contig_length	window	FR-Run	FR-Par	FR-Lez	CN-Lia	CN-Bei	FR-Cor	ES-Bar	DE-Jen	DE-Dos	JP-Tok	JP-Sap	CN-Shi	US-Wis	US-Wat	CN-Nin	US-Sok	US-Sdi	US-Nca	US-Haw	US-Col	BR-Pal	IT-Tre	US-CAOx	US-WIOr	JP-Hok	DE-Jen2	JP-Kan	FR-Lez2	IT-Tre2
NW_023496812.1	24550668	0	0.014326852453450748	0.01658874895364154	0.016071000213102232	0.018966016272746817	0.01904307795746833	0.01485588692711959	0.015219374989086468	0.01668486217473841	0.016918035007349112	0.019888042680127723	0.019001404493290536	0.01887609332407624	0.016660377714850995	0.01808816975755167	0.022987812935894865	0.017184083927842667	0.01567895094729833	0.016791246191027877	0.014263129911478982	0.016807348302585436	0.017526378745760147	0.014427243361352012	0.018749157548045257	0.018225237934878093	0.019140770627962694	0.018416443265952313	0.019307696623500317	0.016448950225543952	0.015395734795997894
NW_023496812.1	24550668	1	0.018657961295953433	0.022099901827094228	0.021357945223014242	0.025188547652167593	0.025264299312274745	0.01956381156326569	0.0201552713494124	0.02129818860830757	0.022176981281038493	0.02618607653278121	0.025244745829505116	0.02513032883651417	0.02211656238478239	0.02398127843111868	0.029343075893009458	0.023202585854341144	0.022143062014553187	0.02219659544741968	0.020345014644551403	0.021636460617244422	0.023211221123271047	0.019171320762293047	0.02492000724910345	0.02320271136083198	0.025071139862015004	0.02316568857798398	0.025577758883026793	0.02130799696403943	0.019987683328145756
NW_023496812.1	24550668	2	0.0161558168567352	0.019604296254087442	0.01893112098524153	0.021789594140273864	0.02188201490945898	0.01720723177020045	0.017913525530741745	0.018724567656019018	0.01989415394309813	0.022473688248653725	0.02200570971429559	0.021976229747800363	0.019450796030132927	0.020973423923867317	0.025003930046071782	0.02034594262128121	0.018076316291005257	0.019259813734677663	0.0170723343584568	0.019422801567344754	0.02032591160734213	0.017194146308814127	0.02182220058295383	0.020463625003972207	0.021797776114250864	0.020384917692012006	0.02210937660044422	0.018921428607435207	0.01754247443263887
NW_023496812.1	24550668	3	0.015204631964399277	0.018057380216082976	0.017273031901349954	0.020756600637950387	0.021092431839738083	0.016063282516714843	0.016824386363039918	0.017457558003378847	0.018330617519709456	0.021594564915890457	0.02084346679829379	0.020744827752607147	0.01828453413607803	0.019860770632273414	0.02437716670004106	0.019300812834739268	0.01628074768373756	0.018209383874214644	0.016344025255796528	0.01835241458727251	0.018993865088625855	0.016004996578061304	0.020663095617208208	0.01945153713669569	0.02082146933577941	0.01913709657959641	0.021073230733203187	0.017801547694006964	0.0164338386713513
NW_023496812.1	24550668	4	0.014943165292717319	0.019088476644883414	0.018063340224273316	0.021645656941858507	0.021807271072702916	0.017124113885607195	0.01794653898742318	0.018437050217175	0.019547164601221502	0.022575835521156464	0.021979372606006388	0.021762633814977055	0.01931338083483653	0.020543277143235495	0.024820007246481375	0.019982099860623565	0.017804696754145848	0.018837975115728902	0.016808315101059304	0.0195334452990804	0.019468003290734878	0.01684139522596796	0.021690087966113363	0.020463197972768254	0.02178279776838162	0.020303555787973954	0.02204501990805901	0.018467439770912024	0.01719440420751863
NW_023496812.1	24550668	5	0.014262542831706701	0.017898329166791932	0.017033946129862778	0.02042281402402934	0.020674188360175833	0.016338655974869942	0.01703984440660032	0.01756518551634211	0.01835684885512141	0.021162075062740583	0.02075751310749833	0.02048500842431784	0.01831190935059302	0.0195044476360964	0.023437648638024566	0.01872839284809203	0.018353220880614595	0.017904370659661238	0.015536828966114297	0.018395052341153458	0.018816136901719592	0.016200126083374376	0.020696146897105114	0.01943380456603682	0.02056346369150234	0.01936084656545784	0.020890666144374983	0.0173461496913699	0.016497981914341563
NW_023496812.1	24550668	6	0.015748812994325314	0.019863061959933766	0.018905220043784	0.023976101006221884	0.0238514557856829	0.01794929742987994	0.018632890517829327	0.019644692074515916	0.020483370649520015	0.024794282573300203	0.02391890550794946	0.023721420004634897	0.02136766200203185	0.022280970547849534	0.0275240657375934	0.021793667017052702	0.020318923740290463	0.02134392030721242	0.018304719466506237	0.021584227892215986	0.02127199675122601	0.017544660918315427	0.02310646540762458	0.022257687317213337	0.024020925831162856	0.02138153688817168	0.024118120920994517	0.019335193234736602	0.018214537343226606
NW_023496812.1	24550668	7	0.013933318293747037	0.017512275226137342	0.01668551302874228	0.02001320572553557	0.020361067403706423	0.015877636169214466	0.01675202372476571	0.0174254502705232	0.018044952760672087	0.02075475945787482	0.020465265967239184	0.02024377124117595	0.018200003297709995	0.018973554036461553	0.02212486416952937	0.018454871803119107	0.017318076044469922	0.018248073970833924	0.01617457655386534	0.018614206174949157	0.018021840339222744	0.015693374629588672	0.01994545960805299	0.019277829949229136	0.02020015234187554	0.01913371546527476	0.020432318539017544	0.01708532503005615	0.016367275788415854
NW_023496812.1	24550668	8	0.014807146018054135	0.018868080129298935	0.01776664969165696	0.02215437973697165	0.022347548459120417	0.016569944674880505	0.01800003697967359	0.018796772667485775	0.019545724374377082	0.02300976928591928	0.02241414259635015	0.022497599587647493	0.019625011340373633	0.020927325970996554	0.025965737623193857	0.020458483023618555	0.016419771743289797	0.019638045923882904	0.01742541725454864	0.020113199574980627	0.019807946051325027	0.016598588624170747	0.021610637074728375	0.020907322326798993	0.022281038658981504	0.02041551975976369	0.022391755673210258	0.018408109011589194	0.0173112765887518
NW_023496812.1	24550668	9	0.015928721838657615	0.01920028696286952	0.018376055298054805	0.02236147481370386	0.022474982061379094	0.017375885819583898	0.018701941438497995	0.018708199484799893	0.019986230305609597	0.02310292388080656	0.022605291709967067	0.02258188187030789	0.020375191320737573	0.021306338785988286	0.025077429349566357	0.020541172038109387	0.018755406087364188	0.020166983924083507	0.017262680215855083	0.020916351239651437	0.020750136647661767	0.017066731141945166	0.022126959791676688	0.021332950415044433	0.02235740906481861	0.02090243132264901	0.02267225547349391	0.01925716254999115	0.017844792228661446
NW_023496812.1	24550668	10	0.01853434083695085	0.021005399795391597	0.020316121266510993	0.024945186103616197	0.02480692785403531	0.018339530915078492	0.020237720812325034	0.020181412153787735	0.02180349578366359	0.02538606908300178	0.024968562188190914	0.024731791774955252	0.022361283566118533	0.023917916561612133	0.027160454727799016	0.023322396436346548	0.021285319821308345	0.02238316894371299	0.017966693166456126	0.023145415820577744	0.022967729000708495	0.018789642163423388	0.024314575619285964	0.023395225458413507	0.024859659982811942	0.022927755832174185	0.02497446081725419	0.021370809778200515	0.0190434407992481
NW_023496812.1	24550668	11	0.01578906031014922	0.01893959155118772	0.017804624834917095	0.022195502735335194	0.022440224625702145	0.01578691467226596	0.017885052138039172	0.01809760604245454	0.019384747757449854	0.023058984290039695	0.022388205950709845	0.02239549252747741	0.01980092642070695	0.021229954139307852	0.02520736727893722	0.020372236157861864	0.01886875301981169	0.019903272460704884	0.016663316370918453	0.02060958985870257	0.020506111007601167	0.01665179110232401	0.022216929849730803	0.021098519923240546	0.022515224918502538	0.020406209523242597	0.02244794461382063	0.019099287133802136	0.016841393044767655
NW_023496812.1	24550668	12	0.017407354404983692	0.020807568915451494	0.01949734990027671	0.024463026668507606	0.024644043973863168	0.017378051077719295	0.019720746454311322	0.019919813088526285	0.0212177169285521	0.025118580287017155	0.024560138155590158	0.02451247885761586	0.02237005032286714	0.02334930728216525	0.026726070669042565	0.02230861860240795	0.02090795754384263	0.022349666352405383	0.017815864178548524	0.02295719052844745	0.022805032401977357	0.018074807857484436	0.024137441893872746	0.023625094586048917	0.02443861040382997	0.022142769099305203	0.024618844129918577	0.02115897359464158	0.01821230575048241
NW_023496812.1	24550668	13	0.014390510953018548	0.017190546167562257	0.016207735116908758	0.020263249512889797	0.020142388237474062	0.013956185398093629	0.016369264515939487	0.016684021150440657	0.017613702951373354	0.021026067700329318	0.020550126270549394	0.020464007369736234	0.018289206127901345	0.019234364090831815	0.021982616190479903	0.018329829172081438	0.017231163718106658	0.01834799461635483	0.014298757251611095	0.018900241994698638	0.019066685678699468	0.015350138984743515	0.019933947694605558	0.01951803175780181	0.020181889454697458	0.018516164161259008	0.020436767623628803	0.017295212470514614	0.014960233896695428
NW_023496812.1	24550668	14	0.014507841506654639	0.016861970884485874	0.015757858434620492	0.020205888403761217	0.020108054515590407	0.013239709083334465	0.01606671111424655	0.01626924100352335	0.01703470297095295	0.02085676804126439	0.020415539749897165	0.020084638300197525	0.018035745990222316	0.018761405881832626	0.022908683192301084	0.017947537309559933	0.01710256264283322	0.018201960638279367	0.011995171359012482	0.01867735974911746	0.018610705810010137	0.015018866115786308	0.019441779414922297	0.01933006018159548	0.0202006946790425	0.01766101537913786	0.020343955917596697	0.01649804549582541	0.014347842541675445
NW_023496812.1	24550668	15	0.017526166009740014	0.01972760595439385	0.01890376847565831	0.023027812274519305	0.02335031237506896	0.01589788227585328	0.019218212095665994	0.01921579807423859	0.02024704114615992	0.023964536491529586	0.023263389530897637	0.023060803417905788	0.021132696466825335	0.02151792000865249	0.02605657170457434	0.02093527607522796	0.019787948088090406	0.021145415892218328	0.01381811042037141	0.02152364232469499	0.021591266844233792	0.018058779262626518	0.02224866918953318	0.022003019914378235	0.023248839463369263	0.020739941224134986	0.023459592154288163	0.01978979064639937	0.016901775695875858
NW_023496812.1	24550668	16	0.012983984300506572	0.01451849170645191	0.014339479867118081	0.017698988711764518	0.01778501076105883	0.01202524345032997	0.014470129312398963	0.014473738385291412	0.015461755014541653	0.018552671408435407	0.017852453316052157	0.017853339381772675	0.016265919019478187	0.01677561335725638	0.020040005437287362	0.015827203815636397	0.016043106898990092	0.016274291393239246	0.012594270960246647	0.016597392124943405	0.016664598145283066	0.013624719453410518	0.01754318480930734	0.01741168647725651	0.017780383605558135	0.01580354910862958	0.018024470888625983	0.014747889927976111	0.012423218342858026
NW_023496812.1	24550668	17	0.018615733850415987	0.020956885017659486	0.02047498866483168	0.02600278801240508	0.02591321349204161	0.01728894160651395	0.020581125107976016	0.020914896649467624	0.022127525848677335	0.026632459722518514	0.02601116382906806	0.02540929823980971	0.02346427163877073	0.024596400511133647	0.028902086346716337	0.02355382253282878	0.022932455465889474	0.02339066119195199	0.019854411146243384	0.023908857834488144	0.024047045350720667	0.019160279474476773	0.025174353690025266	0.024635323210365528	0.026025393345965785	0.02236329711882848	0.02596520982634302	0.021059796118746896	0.017610016460237257
NW_023496812.1	24550668	18	0.017888232452192614	0.01999145858636743	0.01969381835283367	0.02371482491478189	0.023910982337086904	0.016719786186171277	0.019736661626334428	0.019794010926312035	0.02097285862058324	0.02428170397290166	0.023780958786800043	0.023311266351035465	0.021690968427759253	0.022232273694261864	0.026241068806414004	0.02136260881737275	0.020557130986791867	0.02130620279055422	0.016654309685080804	0.02206430627562575	0.021906362590971624	0.018569300206008048	0.023060941559962418	0.02280639118546635	0.023781707092033304	0.021689119331882112	0.023905960276670454	0.020070202854887087	0.017158277061465603
NW_023496812.1	24550668	19	0.017403039166253294	0.020245553642974964	0.02044792437824676	0.024940448795606567	0.024876595232512032	0.01711944884474358	0.020369895879408104	0.02038462458121062	0.021582648938463185	0.025439027123171504	0.02496991549869886	0.02417424656991475	0.02297020110182467	0.023159748342182138	0.027289598041415744	0.02197218165156802	0.021268831326357963	0.022383138137034707	0.015454550726629736	0.02326692291101017	0.02263039373181568	0.01901495056273164	0.02376328102189811	0.023991029129739886	0.02499605072737279	0.02193944513932677	0.025051350631577957	0.020501973655791504	0.017374321512237733
NW_023496812.1	24550668	20	0.015996723239652403	0.018996176522028008	0.01880068588992712	0.023272823263160197	0.02346588656232496	0.01624741137300202	0.019171212371152473	0.019363802610693884	0.01966284190193064	0.024177109975877402	0.023537313387145663	0.023400555565343272	0.020004521051134757	0.02136818596733597	0.027199564856745965	0.020207593588489253	0.019605057033906526	0.02028120887560965	0.014100487966470527	0.020878566936142824	0.020653909054186972	0.017824561231090028	0.021951114043318554	0.02141068890914342	0.023403312042015737	0.02085388341450657	0.023414282154144414	0.019225281463737223	0.015791577571491036
NW_023496812.1	24550668	21	0.019231832831495724	0.022328547030026596	0.022519251935256748	0.02718951791990125	0.02748873645008437	0.020163284674421012	0.022798301210232057	0.023013235993561296	0.02288764893944318	0.02796750328685719	0.027537528455021085	0.027037315933073385	0.024131785272317102	0.02527681541175652	0.029742852589651692	0.024071919091179013	0.023354508435107495	0.024064974980267356	0.017446277525376096	0.024527990552438705	0.025417393257004168	0.020790878197430487	0.025928921911263107	0.025073412015296566	0.02741484180271018	0.024052903591791915	0.027406219185162613	0.022191847238219112	0.018527720314660545
NW_023496812.1	24550668	22	0.020530746354426786	0.020800153692611498	0.021108066685960006	0.02606663845779279	0.025788839142698503	0.019554857610130524	0.021164331351749468	0.02128813024603625	0.021118695470351456	0.026569395951377257	0.025852049543651945	0.02569294880561501	0.023229149963823355	0.02415012932172812	0.02857025084661713	0.023566319127012438	0.022973905041958922	0.02302104439587329	0.01740458608965337	0.023187009210782983	0.024266638765743673	0.0197688606809144	0.024943270482812467	0.024144094143328475	0.026010857203122278	0.02268208121650071	0.025979345558432402	0.02098875260618836	0.01767787334322939
NW_023496812.1	24550668	23	0.02024240350644322	0.019820700941520355	0.019586630638941536	0.023799636119144884	0.024010846571746104	0.017952498468504545	0.019666291771530602	0.019973404157422037	0.019675394783618304	0.0243402721144108	0.024042819380189796	0.023915877447813778	0.021283174452320603	0.022284826139894003	0.026244073044844923	0.02193133862359824	0.021087842650595295	0.02138116533313972	0.01659364758983602	0.021813534588911835	0.022061125563704195	0.019034401453948024	0.02297152750306242	0.022036539007831125	0.023917984922862123	0.021662555578503655	0.024165693121797716	0.01954450754261113	0.017576994486416777
NW_023496812.1	24550668	24	0.021681773852491704	0.02053443399709696	0.0209176834603438	0.024896378178110034	0.02505149979829766	0.01869817937024755	0.020336542507557297	0.021385938558435576	0.0211341011644868	0.025779285192218896	0.02517979081883221	0.024646919583527466	0.022271411679439253	0.023507212425118156	0.027423956124350148	0.022274948023474066	0.02241269192385569	0.02255293715364188	0.017185587419006037	0.023265760098240894	0.023180264707744314	0.02009227261604725	0.024378349045530278	0.023296417272967107	0.02510785503888614	0.022821051705494044	0.02529422198670793	0.020814342987465456	0.018772682685793362
NW_023496812.1	24550668	25	0.02115886192724762	0.020732601232162362	0.02091816368427139	0.024504807025522053	0.024826023123159315	0.018715749252387143	0.020426352957815478	0.021305336873454626	0.02125135211704652	0.02531073124285841	0.02479154650292609	0.024691054276986056	0.021801190631689855	0.023572222629108738	0.027024766328491653	0.022782655280507904	0.021787202764712674	0.02236892082942318	0.018012159808537688	0.023566339077205366	0.02331531167162106	0.019968726104846252	0.02404495793546296	0.023017482289667757	0.024828382727121515	0.023122320649764543	0.025053009548570825	0.02103862044569172	0.019009998333335755
NW_023496812.1	24550668	26	0.021551469235533572	0.020646075949551278	0.020800894805705083	0.024638160388528448	0.02479970563560073	0.01801147120858194	0.020267825825226692	0.02122776642443933	0.021373966932434672	0.025629782033258327	0.02479617706045066	0.02464803908443764	0.021434410584387917	0.023057802484520242	0.027334363849428597	0.022255426076219675	0.021550631531723242	0.02197942392615843	0.017987431741198507	0.022948262297980793	0.022652182440769615	0.0196267173458243	0.023826218820304182	0.02279425270837024	0.02463551889207934	0.023113564243165522	0.025087004486891468	0.02056621847225518	0.018399381105753895
NW_023496812.1	24550668	27	0.02422933802560134	0.022562977202410954	0.023000282793757116	0.027521238894511354	0.02767940772004195	0.02027243510742048	0.022274241845276276	0.023020025620724187	0.02430215639815441	0.02820415961923333	0.02771804970760733	0.027133409321694408	0.023636563512758304	0.025845609400644752	0.029672647387141322	0.025379972159176166	0.024346322866744548	0.024146108227177113	0.02048390053318716	0.025597286395409116	0.02525220288248692	0.021338047621420667	0.02644212741994523	0.024626584767936985	0.0275434830446984	0.025025910796161257	0.027910912088566556	0.02256612680368847	0.02024575719978962
NW_023496812.1	24550668	28	0.020168507592731758	0.01888740659869597	0.01919284581343961	0.02294175722443068	0.02306684471964804	0.016759680890645064	0.018428182982320053	0.019478583050849454	0.02101150930412528	0.02362089417399713	0.02309958955964573	0.022521494841077225	0.01994047808832211	0.021483496653320062	0.026456357324645123	0.020859217379391278	0.02009696168487587	0.020536842701738826	0.01734564065259168	0.021203609081354664	0.021209977720706354	0.018169508922012693	0.022041012308227217	0.02062606593814909	0.02301123549441811	0.021219009294931337	0.023237609470077338	0.019198689645070346	0.01675543020907371
NW_023496812.1	24550668	29	0.019689535162491736	0.018801655131884205	0.01939963984375121	0.02285493355078344	0.022950865436300996	0.01712206802213	0.018400716379140373	0.018737656711138518	0.020693033336435903	0.02384862716078449	0.023123488046160667	0.022823814853873307	0.020254205526344608	0.02185533106727309	0.025281428741720995	0.02123089653194002	0.0204171466812574	0.02073766177052131	0.017286914008861193	0.02128002150319684	0.02090296046554742	0.018076519631886702	0.022268643997682122	0.021673009840739107	0.02313821884706701	0.02122264219893804	0.02335759310377499	0.018938635702998727	0.016845756905389586
NW_023496812.1	24550668	30	0.01177553147204417	0.011271815935272194	0.011703658071822476	0.014069158228893867	0.01405239793261831	0.010554909240409967	0.011267801686125943	0.011489103510747882	0.012566179521391808	0.01464103089793721	0.014215864187168144	0.014003618722711771	0.012002779174465582	0.013354099249533529	0.015959319019790284	0.012738314474991264	0.012353868619066066	0.011940417208189417	0.010809138214055962	0.012511165534156973	0.012778842699751	0.011394924637824289	0.013879466288563676	0.013398162204514556	0.014068147724071597	0.013442743666639702	0.014552659846144744	0.011697911982312495	0.010254162651317665
NW_023496812.1	24550668	31	0.016850625728274535	0.016036052074896803	0.016807088540638733	0.020433274724606994	0.02061207343270791	0.015522570437116539	0.01633446498479006	0.01628369804902705	0.018066854563347865	0.020992764398665067	0.020588234915985933	0.020107985177591606	0.01759832139545323	0.01895150936005891	0.02262331736452051	0.018460737702108546	0.017499514124127105	0.01687935159205946	0.015456436355766443	0.01794118077791658	0.018432759734740536	0.016609161324794508	0.019348164781114435	0.018853334760838825	0.020565169288734718	0.018961738269235147	0.02069985385205692	0.01678226579775634	0.014900616960461363
NW_023496812.1	24550668	32	0.018610517318926465	0.01855519061553103	0.019228302382167536	0.0227399338687317	0.0227089477865431	0.017558672521038307	0.01829859887333747	0.018420168266606134	0.0202915811996399	0.02367604999206345	0.022851478376721277	0.02244445644847933	0.019478988585745607	0.021120579060097042	0.025838305437552996	0.020454827579530373	0.01947535002542402	0.018973356705712995	0.016148127654647765	0.019966717171994518	0.020354778758402036	0.017976700969627515	0.021115085724470625	0.02050619480410331	0.022814817101417084	0.021026198517347532	0.022998236052416333	0.018493722350881904	0.016425806109838504
NW_023496812.1	24550668	33	0.020946071268462582	0.02086200410397444	0.021398319158350436	0.02522112036872719	0.025280968347629527	0.019151238197108185	0.02035406094392338	0.02048709613653861	0.022521357158618926	0.025908060548434336	0.025283977156784394	0.025046934806067785	0.022346863397064935	0.02375360126496032	0.027346753092217794	0.023086706330804896	0.021820108898299634	0.02176327328242629	0.018384794739393764	0.022734847219878708	0.02286684667670033	0.019648534061517106	0.023895545205318842	0.022847451279905832	0.025566745964073156	0.023418564556126616	0.02565030183359858	0.020827255425080654	0.01859740804133899
NW_023496812.1	24550668	34	0.02180375718365725	0.02111595415325596	0.021323952281718725	0.025385924415509	0.025499986665835715	0.019390921661489317	0.02085583757115431	0.020476119006581434	0.022182235348326963	0.026042227260990664	0.025767229992694516	0.02561434054181243	0.022904199979461345	0.02413801797436717	0.027448131250792363	0.023171512186610517	0.022413974751213626	0.022438834862246793	0.017459142106815956	0.02296495100269456	0.022972128401075265	0.01931715772247308	0.024002231685284127	0.02357980698500764	0.02555483484763461	0.023399841889100905	0.025929723646129367	0.02113369348278658	0.01871071237142148
NW_023496812.1	24550668	35	0.02079739443762693	0.020502236197018093	0.02063683418371583	0.024329157617588363	0.02438168982624252	0.019276207071886813	0.019860052508753463	0.01963363705680689	0.02129702868216694	0.025107011117094354	0.024614716380717383	0.024320046028323078	0.021572485345286392	0.023013258865475072	0.027095751098835313	0.02226962233552258	0.02141161728460557	0.020964012524841563	0.01751568187930846	0.021978764926173833	0.02119232458912458	0.01802929609242993	0.022627280815370486	0.022188264416009712	0.024602450073246518	0.02225204610544978	0.024907973259500903	0.020483870957026164	0.017516830345561615
NW_023496812.1	24550668	36	0.019378218039736522	0.019069873463258145	0.019418030300257173	0.022496157382567807	0.022585589472104792	0.018646766816689676	0.01848992989130769	0.017952396760518657	0.01950907986204497	0.023233308940092606	0.022572934223391163	0.022476951635025794	0.019642208064127635	0.021478441580748485	0.024631723763724068	0.02044950458422844	0.019806009983489838	0.01918709070447648	0.016523496146743928	0.020058482451388922	0.020044558008100226	0.016883084645890063	0.021090483354791283	0.020491360637451276	0.02276589346517649	0.020686801809873586	0.023046529000657217	0.01898914244016311	0.016144021388788742
NW_023496812.1	24550668	37	0.019096655325992758	0.01852558193383859	0.01958118808625736	0.022298924659831885	0.022590094016783465	0.018922567867760465	0.01848533205491207	0.017613503917686256	0.0191223179662044	0.02331271738964618	0.022628150095816722	0.022920046997099746	0.019565397880211232	0.021089344805974224	0.02527446712121534	0.020117366279302565	0.019738780881384702	0.01902195404221945	0.015587377249620882	0.020212169737431344	0.019714255240811482	0.01648383833488709	0.021401572859431468	0.020516332958511543	0.02248803676516292	0.02046205427407425	0.022723404546147703	0.01889031913413922	0.016175654866098628
NW_023496812.1	24550668	38	0.01798084919935196	0.01787698151662203	0.01895078372749343	0.021873857022779115	0.021984243056924573	0.01860994719605904	0.01778672977103281	0.01719302890610436	0.018567325591455217	0.022834412189184267	0.021919871406906155	0.021942327309120293	0.01923331572835076	0.02071146916883536	0.025078223325791793	0.01944043772027809	0.019036919103936116	0.018377523657443134	0.013340864237360405	0.019710315145824997	0.019173776260691222	0.015876435556643524	0.020775344719602188	0.01977430152461949	0.021917138975013066	0.020233605284836993	0.02228408963227473	0.01816776081442635	0.015340189658875666
NW_023496812.1	24550668	39	0.01826005058496214	0.018613063850582666	0.01931879436709269	0.022489585093072466	0.022621293317024175	0.01891184548926814	0.01789986435157092	0.017515839798484655	0.01921845013509073	0.023181515088602545	0.022598090529404084	0.022196488647557903	0.01991773548020789	0.02124684849213591	0.025319343289355818	0.02012550102935129	0.019365325515076276	0.018847701539652414	0.01230672779924672	0.020356588220805022	0.019269230403271692	0.015844110602590594	0.02114400632133581	0.02011569038779634	0.022470229065865075	0.02054684787458539	0.0227295407705318	0.018450734774549244	0.015576580325199797
NW_023496812.1	24550668	40	0.02033275603285706	0.021014921894862357	0.021438014343255506	0.0249426954988576	0.024990758284937173	0.021955621323063237	0.02041578392071025	0.019868400767035724	0.022180946184893708	0.02548606602795511	0.025105163310572772	0.024485788128100275	0.022527724071359532	0.023880320408032913	0.027532678016788825	0.022446754606950763	0.022092618015860502	0.02181475038760665	0.016317706825927952	0.022761921424083266	0.021142552542141233	0.01812430067477998	0.0232818633325002	0.02298967474152739	0.024982685686537717	0.022807998523747326	0.025043428437852667	0.020413611579037236	0.01889169900298657
NW_023496812.1	24550668	41	0.023641549383038495	0.023561193365144555	0.02370193819058282	0.027285934703050137	0.027383998226453887	0.02448884717763586	0.023373674302782983	0.022109625071185697	0.02443986425128852	0.027908561500818562	0.02745583147076445	0.027039520663771754	0.024623127256342327	0.026106562032689806	0.030267383355677198	0.02464963380624693	0.024099001886118833	0.0243936814970736	0.01976497884389425	0.024708872686334937	0.022539805254207207	0.020752379086149447	0.0242324273476699	0.024783055282957277	0.027365059935322365	0.02507772608888366	0.027500494979771997	0.022748773085037987	0.022073794555641613
NW_023496812.1	24550668	42	0.020288384926608356	0.02063513731827229	0.0199954454017329	0.023624291070968258	0.023396342858050888	0.021122811774249007	0.02031570662618266	0.019368322864898816	0.021233914967796298	0.024117560757455046	0.023712600502953287	0.02313172874203388	0.020941353589435982	0.021649408420907883	0.02587756013715816	0.019720085157518216	0.019929461715417894	0.021040500370510813	0.018242891651484197	0.021003545357759015	0.020189794923130343	0.01838870116076692	0.019226655891789554	0.02140970435045175	0.02363770153357879	0.021782514913073144	0.02370806488066336	0.019332707530452888	0.01935760131792226
NW_023496812.1	24550668	43	0.01849016395839897	0.01957731538982337	0.019183027081943336	0.02175920275687578	0.021807570646459745	0.01981460744784532	0.019456285386052215	0.018552800218202443	0.019650426142921743	0.022574475168482985	0.021778015799759146	0.021766149407078765	0.018567248529748958	0.019707173208990014	0.02431340558812166	0.018557746856212608	0.01883700532885357	0.01880298747707568	0.015704912230196277	0.019062366180994095	0.018776610659628795	0.01783052286777794	0.016781886685668025	0.019724326784350113	0.02178893797407276	0.020350729079781395	0.02200916266079434	0.01917452263385868	0.01834096320653284
NW_023496812.1	24550668	44	0.017476791987015596	0.018603132716968538	0.01804445203119115	0.02030902665902462	0.02038763606315425	0.01881007347682185	0.018492992765504958	0.017959743503943845	0.018539953607809585	0.020980138499638278	0.020637301238622667	0.02005778648686798	0.017004652752101317	0.018767299435507333	0.022647879930115227	0.018354517333492103	0.018002658040732547	0.017058284028323583	0.014781254841969696	0.01782712126166364	0.01724808908262685	0.017459376804534726	0.015140119847455464	0.017866469734891116	0.020271277843615543	0.019552934644960766	0.020553056829610606	0.01851847164305843	0.017547442074165417
NW_023496812.1	24550668	45	0.020385770565627855	0.022006117358791207	0.021635549126977394	0.024483003365761542	0.024356362777398572	0.02241139545782188	0.02205203941885169	0.021354461015496144	0.021877625137401605	0.02527240355684906	0.024327631167327758	0.023801187949545517	0.021176326195991992	0.022887119084903745	0.026760193174415643	0.02209964668494414	0.02089528575602691	0.020802178213746744	0.01716844293465867	0.021561965688076622	0.02099339302610178	0.020247362446848022	0.018938713518667993	0.02148742690656287	0.024467277149947536	0.0228987514175952	0.02460246302797437	0.021606210896011058	0.020667172385538734
NW_023496812.1	24550668	46	0.018675278068760476	0.0217520503542369	0.021326987391017294	0.02383195852989579	0.02400473880228819	0.022057887510696098	0.022019471601966798	0.021099975513039312	0.02165663107124785	0.024394488457334114	0.023912850466455374	0.023795322378159296	0.02089813904698254	0.022560396814599128	0.026337393899111883	0.021515213438090652	0.019861362341898777	0.020776425150955447	0.017051977943216307	0.021376520631784333	0.021167110514834702	0.02034757220877604	0.01929482632322752	0.021515132939356002	0.02384365936593483	0.022584599388612413	0.02397949396752166	0.021534766387018824	0.020827470318329
NW_023496812.1	24550668	47	0.016343781416526836	0.01970847090606776	0.019553612636091698	0.021946862113033823	0.021936877866788173	0.020041651043533455	0.019235736914227773	0.01947410905594702	0.019865331835788834	0.022682693376385083	0.02217023396234984	0.021839818392026474	0.019400310825727938	0.02054055249574775	0.025260070653691995	0.019607285881927217	0.019182257831381104	0.01905317014598018	0.016426866978074193	0.019306177107731318	0.01982393878289141	0.018764772316009606	0.018790948566108384	0.02014997158676981	0.022084421719640316	0.02074212633514244	0.022067231147265838	0.019386992326189352	0.018759950116091217
NW_023496812.1	24550668	48	0.017294812265005465	0.02056077149025045	0.020166607670543183	0.02297871589253538	0.023280893980407388	0.021182331015948755	0.020352518332436925	0.020458397672851864	0.02096156562204401	0.023932573142421032	0.02317980888247613	0.0224494860472523	0.02010139922040916	0.021366293790105975	0.026427464953263872	0.020895318623786636	0.020452261746549533	0.019807605295694634	0.016205634142061304	0.019808739418899914	0.020649154465949966	0.019314694585676407	0.019715084318139797	0.020849411477747243	0.023195255274357438	0.02181167825481733	0.023267899493500582	0.020559557681661303	0.019778691641692894
NW_023496812.1	24550668	49	0.019076557846836102	0.02074049369026266	0.020483484016774706	0.02367283689218883	0.023608420197437967	0.021295529235098826	0.020312927206134986	0.020388974177491925	0.020331420350479943	0.02422773818333561	0.023707095244736746	0.02317023612931572	0.020985367471323006	0.021858227412748954	0.026673395898440623	0.021192924529711804	0.01979725684590451	0.02050479869423209	0.015656401812225655	0.020542956356211544	0.021048591999704498	0.018944737542341737	0.020327433694770095	0.021931671894599995	0.02378139453167623	0.022024620672475678	0.02370580880506461	0.019841141844370337	0.01954022737452892
NW_023496812.1	24550668	50	0.01901304106401196	0.019404575063429384	0.01931040511119131	0.022064017053443765	0.022209213135496612	0.01988404599108502	0.019522970676004576	0.018914315298805322	0.018258885548568367	0.02289964958181745	0.022231696013133	0.021810667309911217	0.019994998705506212	0.020604312350464477	0.02515667504036537	0.020070734897898936	0.018035117892265837	0.019499823278152507	0.015641891330580606	0.02032064689400411	0.02016137667439833	0.017491179705688243	0.019413568278353794	0.020841260616477036	0.022451545974426834	0.02036775166468587	0.02252495535978107	0.01827384301976433	0.018249915363741185
NW_023496812.1	24550668	51	0.02300254822057266	0.023526648447283652	0.02314257546015675	0.02731771200954189	0.027527614311751554	0.02423035356852131	0.023684877084631132	0.02340667920544765	0.021829578365862263	0.028319263373616073	0.027576628824617807	0.027112581979411597	0.025320047022587902	0.02537337199010064	0.03015940068498407	0.02463902314597086	0.02356070848163598	0.02421834597968334	0.019993330475467124	0.025694957757625037	0.0248072993462265	0.020999651035937303	0.02493090413289121	0.025888051900883374	0.02741699086895267	0.024399997747409072	0.0276028033972399	0.022023905389726296	0.021698075399338244
NW_023496812.1	24550668	52	0.024530800792709577	0.025009679398720897	0.024423156807871323	0.02905028205364399	0.02893712387107181	0.025398979372845413	0.02477735727883188	0.024150004761926525	0.023113064868452434	0.02961025048812779	0.029137161928389343	0.028671348070085097	0.027290766502264953	0.02772822668662809	0.03183728115552592	0.02672220161107046	0.024722260954209253	0.026179395051738375	0.022314507499256682	0.027246440007381734	0.026929075058532575	0.022317791112430797	0.027573185901565083	0.027878038624916578	0.02919047725504279	0.02552891374908506	0.029428662208512552	0.022130198383278482	0.02226337394351612
NW_023496812.1	24550668	53	0.020202229208543317	0.020650479646736976	0.020393782490841512	0.02445531417236121	0.02439336498641044	0.02124207455893244	0.020692284045314355	0.02045710493828761	0.02013035759689073	0.025089290712732915	0.024629002797207828	0.0245148825611068	0.02266409804736258	0.02313033241448521	0.026875209081243637	0.02199917089273778	0.020441053309792973	0.021753209659819004	0.01915591747278223	0.022776106852217322	0.02232735928724438	0.018501499045693637	0.023168305647453823	0.02352369716092895	0.02468189873520202	0.02176894875793962	0.024807177886535834	0.018327563057412462	0.01882068322877979
NW_023496812.1	24550668	54	0.018229987550875824	0.0202822812656551	0.019916647396610688	0.02442353949379124	0.024375887902400393	0.020647129934465658	0.020069054473159723	0.020416611913394986	0.020318926587959554	0.024940811249833158	0.024651907037605846	0.02412272440111393	0.02226469538700189	0.022980697546312264	0.026931251569946205	0.02224122785545241	0.021239759873690072	0.021508222054148977	0.019872650302460392	0.02215337859592416	0.0225139579937033	0.01821766655214416	0.02292621207660339	0.023194000923678293	0.024631760030218105	0.021233392490228518	0.024786516963126747	0.018360642375855385	0.018423517918634898
NW_023496812.1	24550668	55	0.0172632467467878	0.01887323077994185	0.017940737547971878	0.02228773054563177	0.022445770880889997	0.018832015481411217	0.018485219137601764	0.01894299660706245	0.01852736236638268	0.022854021342344998	0.02226571104370976	0.022332921139534702	0.020199770111496526	0.020708965276181768	0.02463574977290325	0.01999077239041753	0.019890477876489326	0.019342120380798522	0.017615264774229304	0.02019848416688144	0.020405597300081353	0.016713986260446526	0.02032303559348982	0.02148798757338503	0.022270126329889086	0.01986387647309138	0.022427812150093776	0.017260478339379905	0.017027452619438128
NW_023496812.1	24550668	56	0.01918729657280473	0.020795921298399807	0.020045920339572015	0.024098911140782442	0.024396478893745396	0.02070637559437257	0.020502921178632616	0.021338331028906428	0.02070065703616092	0.02515986343207105	0.02438287879489301	0.02404254659036354	0.02201039199530301	0.022771475029565124	0.026978654359440045	0.021867962054847513	0.02154175348155364	0.021283780530701884	0.020059066536252498	0.021916895830239442	0.02190480364684007	0.018997116215493496	0.02164477273242345	0.023238348571932695	0.024454302998652585	0.022008538447735215	0.024675686135982373	0.019421669491291912	0.01887261169248305
NW_023496812.1	24550668	57	0.02111206175637592	0.02376581547371785	0.022288882283838317	0.027130054988203107	0.027158573106353827	0.022959359941313862	0.023274007465996154	0.023372172787260993	0.023382721108322613	0.027696993835738648	0.0270068962234137	0.02694569429802055	0.024598233456910475	0.025424087001492273	0.029979887190616842	0.024617809003917947	0.024153548519932816	0.024168076849127366	0.01948088261649738	0.024272372996271403	0.02490811895461057	0.021676715099225124	0.023600133303296876	0.02579146803360561	0.027250457359536188	0.024897050354127086	0.027402634610016286	0.02167363819960415	0.02176617630387437
NW_023496812.1	24550668	58	0.014642218955429604	0.017189650138511495	0.01571952260247461	0.019807254362392265	0.019796980129214988	0.016032412662407233	0.016311885797483775	0.016919193891604064	0.016754636746253816	0.02073270213562481	0.020065841222880524	0.019839023672259714	0.018113151001022367	0.018239666028228	0.02373323046254493	0.01758126047168729	0.01775365031928515	0.017753374826055695	0.014943245544133382	0.018525923669269726	0.01808996582497262	0.015565836908604394	0.017397857298950565	0.019327502515042675	0.019940825535799463	0.01764319544081233	0.019947050429512184	0.01545351161059016	0.015230371575638332
NW_023496812.1	24550668	59	0.01909765965790353	0.02160987401485528	0.019991619641577408	0.024537130972805073	0.02481362707309234	0.02002056389242913	0.02032595315486637	0.02124916138245723	0.020625589854505536	0.025588673495108467	0.024811038491749662	0.024496558236139606	0.0222701225597216	0.022629671508024626	0.027469628412227765	0.022028978803044996	0.021416379407583886	0.021536673017713656	0.01813582021485465	0.022532138294120582	0.022254869462359977	0.019620320647728964	0.021279245970542586	0.02302404130296451	0.024811509745683368	0.022090147893277328	0.024801392264022074	0.01968951721663931	0.019242293754757528
NW_023496812.1	24550668	60	0.01557868271251617	0.020899967168505545	0.019704343704534402	0.023442025100674706	0.02346278521290807	0.019927865882282625	0.019972432980942936	0.02024793742911552	0.020074265621378255	0.024026921040964544	0.023641993669138345	0.023293519658192662	0.02146074467590411	0.02168467098049565	0.026412442850735997	0.021150872098914923	0.020776657380958654	0.020700435013729538	0.01413310570723554	0.021573949920725803	0.02174244164759595	0.01900444632500778	0.020888371845787977	0.022008072676489875	0.023473794134192268	0.020918879736697094	0.023847144172313168	0.019579622016063603	0.01918089753795073
NW_023496812.1	24550668	61	0.01141904861490349	0.017480133800017925	0.016174642760709436	0.019781638041180792	0.01974594713801837	0.01652308594018947	0.016343141854445326	0.016497704736427247	0.016974829137835098	0.02038516443022483	0.01993073206234307	0.01987643029943789	0.017782331646373897	0.01797142067337085	0.022356664751546247	0.016675597443064835	0.017763840530734334	0.017411597162081262	0.011240395531407939	0.018408411175715483	0.018190892659779426	0.015835946129326813	0.018195015586698213	0.0184090767376223	0.019819390549663328	0.01682851601442041	0.01999384659209225	0.015988515337717803	0.015560340160416696
NW_023496812.1	24550668	62	0.016777516208786685	0.023746260853480815	0.022045445744892242	0.025989152250579045	0.02612193229701247	0.02203628625848019	0.022394798109158714	0.02210549671564638	0.022912465963834953	0.0267533870959549	0.026133386754040488	0.02593136371924955	0.023507859866400766	0.0245165727037952	0.02861350292795825	0.02372884081078708	0.022403466310354794	0.02283325975504076	0.01730138114183891	0.023495795922324664	0.024343497598336383	0.02164134547450524	0.023671999204133373	0.023526696918039592	0.026182396042970863	0.023152504203331512	0.026405906667858775	0.022031084251568425	0.02136754273879825
NW_023496812.1	24550668	63	0.019300230170700327	0.02328266640627324	0.021493320038100523	0.02621279854900899	0.026351604163656832	0.021025576889889153	0.022441832153521975	0.02212331018674592	0.022464204176774027	0.02694797307058893	0.026405858761176678	0.02551674450123731	0.024016413998044852	0.024904503175853607	0.028670033142760943	0.02415440244910585	0.023092556974077038	0.023942985194037945	0.017774623855893786	0.02435060188677267	0.0246675742560021	0.021076724766584034	0.02399378534189277	0.024734360011638118	0.02630608025755936	0.02304617835242142	0.026548936617404276	0.02216578326219018	0.0208760608310699
NW_023496812.1	24550668	64	0.020417109853868305	0.023221583767999352	0.021486435225665308	0.0259263492201312	0.02604814346338256	0.020923452638818306	0.022201384185157318	0.022436464829107956	0.0228301464689484	0.026369819586115176	0.02634338847993025	0.02538828945919349	0.023562982452913207	0.02447946737161536	0.02833309049416325	0.023369730878516005	0.02340439292179839	0.023947929910857528	0.018880778313824956	0.024142622385850677	0.024580541176115887	0.021268134454287924	0.02443807939457589	0.02482614533030406	0.02618348208117453	0.022583312718094172	0.025951493707855815	0.022202216297600018	0.020853209420151793
NW_023496812.1	24550668	65	0.019027554314816647	0.020099832744814493	0.01896508213105022	0.02256994388043198	0.022876403389846176	0.017940378382874638	0.01962075963829529	0.01932086401224381	0.019838217935340473	0.023394457802077166	0.022810510494301748	0.02224235905544919	0.02037000273076177	0.020879117274831244	0.025894338112550843	0.020343473031837034	0.019716401118613912	0.020484513392757423	0.01723297789631993	0.02090507604413538	0.020969286622919747	0.018718201820535244	0.02156632950989199	0.021560553242846354	0.02270575470837156	0.019964725550713037	0.022740877188286455	0.019532948800249236	0.01801724255346237
NW_023496812.1	24550668	66	0.019827974489987004	0.021243769491400888	0.019943402978904914	0.0244367210869926	0.02432031105852178	0.018822114131143524	0.020466087023758784	0.020038717217673842	0.020532653765893333	0.025048192194289987	0.024581478514735015	0.02443253580883367	0.02154518065668781	0.022683591915651547	0.027178814337974123	0.022022936972319003	0.021470154227390726	0.021730305116985007	0.018842879177130345	0.022518992572653152	0.02221172366136767	0.019361720915915787	0.023115362466140054	0.02284691660056068	0.024303071533533987	0.02079328419823919	0.024552595769277735	0.01995339862966408	0.01852773667772193
NW_023496812.1	24550668	67	0.017456064338262765	0.018465817188731703	0.017676767419784144	0.020686708410888925	0.02092638887914868	0.01698259744511091	0.017969953110516745	0.018096866522431525	0.018260094763678226	0.02157923091891124	0.020523106334610002	0.020633464451637745	0.01877164869928652	0.019286593320284113	0.024289639167101147	0.018443688851109995	0.018811315478260152	0.01862472751980894	0.015969559620130115	0.019383717186885252	0.01885054967408661	0.017684190937182244	0.020010582352004026	0.020185523540249002	0.0209591825384449	0.01897360639240264	0.02099947207374153	0.017671546671050645	0.016738196453906926
NW_023496812.1	24550668	68	0.01745892175719818	0.018623402053720726	0.017924449816917595	0.020911825976869563	0.02103784627272524	0.01699304383699105	0.018064348171767847	0.01829781128613634	0.018402195821912586	0.02168477082324166	0.02081396960837519	0.020530230239209777	0.019171367452488913	0.01973712783898775	0.024897334395893086	0.0188607809564653	0.019539322872083334	0.019029307127902677	0.016903086783435353	0.01996668606520048	0.01943021936419705	0.01752620352339859	0.020302017369552845	0.020389473072027178	0.020947190737102054	0.01946790221879277	0.021003494750562623	0.017826449708961512	0.01685842706075023
NW_023496812.1	24550668	69	0.019492194257170956	0.020505343983656808	0.019697484644784047	0.022938750501572836	0.023153453646230802	0.01860924782452975	0.02026734350752297	0.01985157634130007	0.020584973635766914	0.023650630957005668	0.022962657072475648	0.022735197811136757	0.021107684840611363	0.021870349747966804	0.025872380293641	0.021131026831466712	0.021566051496472245	0.02090219128832997	0.016963923006304858	0.02139836434756076	0.021249763495521296	0.019513717585596106	0.0223468475893009	0.022328058980906184	0.022879650580674385	0.02094563177657275	0.023126468096654345	0.01977933795380942	0.01811277006419765
NW_023496812.1	24550668	70	0.01830766025463184	0.019410332970551034	0.018932774204859847	0.022079611806673234	0.022255975821211738	0.017805283405793713	0.019406331503538043	0.019067289226542567	0.01957130888018819	0.022727558070253825	0.022204403469863597	0.02206974405994416	0.01943435432115422	0.020898440562474124	0.025103158864384453	0.02009266513717514	0.019503287339876864	0.019918782601869467	0.014755875388123993	0.02020927257278612	0.020240727514123414	0.018895755259708304	0.021213607861452946	0.02096506987949062	0.022147402071563835	0.02005884221239842	0.022415430026042044	0.01937757221429727	0.01751431135646623
NW_023496812.1	24550668	71	0.018306517361151537	0.019314846200344755	0.018885715886944217	0.022649028085420932	0.022638203079148597	0.01786070593776417	0.019525539855305432	0.01907895789131113	0.019557825051825982	0.02358159564648873	0.02259994252614362	0.02248996940760241	0.019772252862959225	0.021210389094729516	0.02638603665929697	0.020554613025728658	0.019342296581025726	0.020232476376002163	0.014869433367628013	0.02047841101283428	0.01984489777517378	0.018991866842460556	0.021156390287820577	0.02122661467896023	0.022616247312474722	0.019632281060763215	0.022720838321011277	0.019479160591388576	0.017625778886882833
NW_023496812.1	24550668	72	0.020983320967485737	0.021648765922147394	0.02152576437491062	0.024854486370478806	0.02484990110200478	0.020406164468204792	0.022087380689924108	0.021455970308693176	0.022366839509123035	0.025619483086339215	0.024831420869387215	0.024597439450489783	0.02166413995367014	0.02357119208373083	0.027360667401350545	0.022705202128957037	0.02140647936345761	0.022188165879359484	0.016218113680156968	0.02238539320552264	0.02208474902860941	0.02159486481175895	0.02345708275676767	0.023419077462684124	0.0246850319570058	0.022535277154315317	0.025013873680404048	0.021941950202097646	0.02022196563648055
NW_023496812.1	24550668	73	0.01638052288342952	0.017058451603975466	0.016702636350193506	0.019733777393443203	0.019879580149049742	0.01586445245973511	0.017165765595307785	0.016689125487005678	0.01737292738177489	0.020582698829075402	0.019630974649681863	0.01936555618759042	0.01728937757431523	0.01879766125184418	0.02292634529795509	0.018121664800226096	0.017125993774280153	0.018077847852164562	0.013733352459199178	0.01792339648567528	0.017868261505671224	0.016459103436028015	0.0195834424805909	0.01948232282111172	0.02015420557869088	0.01820411523158241	0.02049014714347905	0.01753439813350519	0.015852992054236546
NW_023496812.1	24550668	74	0.021789629982139933	0.02290155539186682	0.02299111371026582	0.026071972481826113	0.025907589048198267	0.02196422161043221	0.023478475573864024	0.02264635336626514	0.02332595942310973	0.026741160462730767	0.026174110053576328	0.02604700062196813	0.023056408427424104	0.024972515243002216	0.02880996665068768	0.023792501352490954	0.02235422275834772	0.02381004512413567	0.01872920684216323	0.023710174593075506	0.02296526327922066	0.022710651947050423	0.02510611390400594	0.024594805802348855	0.026257982119166468	0.023580473794465748	0.026246959581060467	0.023108339576019817	0.02155016895667337
NW_023496812.1	24550668	75	0.019911725790190262	0.020939224234200787	0.021003746281011166	0.023765397165730225	0.023827510011033087	0.01975269401733176	0.021523438839659657	0.020424192896065816	0.021070217074538225	0.024574928558631647	0.02384915646450129	0.023097424184299317	0.02081683553602033	0.02234527996358433	0.026944673375194173	0.021436081787613834	0.01990741588523131	0.02144908591262546	0.017290032805703934	0.021362075555642606	0.0209490625125315	0.020802612711247403	0.022643981926535987	0.02222492678861746	0.023824048491200393	0.021137774838510967	0.023811741125777868	0.020890176586854037	0.018743905171014704
NW_023496812.1	24550668	76	0.022568874352176634	0.023838022970376245	0.024180333722975556	0.027329988126903487	0.02742709107225325	0.02269474517746207	0.024313931623285785	0.023858659265628034	0.023425193450064333	0.028094481382739723	0.027412724838865133	0.026895163038668596	0.024679999752437044	0.026209055669447773	0.03024461731963966	0.025265644348192833	0.023725038357196086	0.02507671376126792	0.019411656503973546	0.025600526155765784	0.02407139970786975	0.023191212856256426	0.0267664816126603	0.02614880081593097	0.02734196913540158	0.023868074605047515	0.027482678698126855	0.024123310102121553	0.021354053888650398
NW_023496812.1	24550668	77	0.018280163956943506	0.019300810599597405	0.019307542075060698	0.021938603703208874	0.021846862231661334	0.017767541047613456	0.01955660903711161	0.019332443481726275	0.018919070198227996	0.022556541451796717	0.021885848441729507	0.021680466906019918	0.01976454947291478	0.021009169027616886	0.025627173337364775	0.020277553430052254	0.01921279963087603	0.01999371439327182	0.015953445504442297	0.02058546973185257	0.019420795763994022	0.018531102227129923	0.021615933609206613	0.020941588893521795	0.021877583327641947	0.01978696753120086	0.02181833357618384	0.019499024725800035	0.017856836624429502
NW_023496812.1	24550668	78	0.020072187232078605	0.02148183180535152	0.021588016058151745	0.024086872696641684	0.024009003999791435	0.020528035784038008	0.021611415828575814	0.021686731803837116	0.021286691569303545	0.024554699226355895	0.023874630405395003	0.023690892721996343	0.021836422413676955	0.02296474108343548	0.02721027589077029	0.022269555164699972	0.020893410651061272	0.021830662090458978	0.016928163544802984	0.022480878125950947	0.02069937583785818	0.020715061878845614	0.023404361050316617	0.022944466912723577	0.023920381008936748	0.02221968429525879	0.024131745507843007	0.02198309293850703	0.020117975694726058
NW_023496812.1	24550668	79	0.023304719944217723	0.024806874815357764	0.024963845001857457	0.027850057764350056	0.02781761700425235	0.023543150577083304	0.024813020051351376	0.025057644317630638	0.024799284467988365	0.028488629745693765	0.02771349839284869	0.02759489855380134	0.0259422190961922	0.026777983218518122	0.031064087698849753	0.02598327138343101	0.02483443412306306	0.025274358813758883	0.019031080292158387	0.026589247223852457	0.02440542254241069	0.02370319369358133	0.026916250113030456	0.026838608471744345	0.027764904814909418	0.025025637901874405	0.027858842327365956	0.025004025151046983	0.023052780315122937
NW_023496812.1	24550668	80	0.022379491716074246	0.023064587658575726	0.023740493731509226	0.025920693486252117	0.026151186704339333	0.02127119169936994	0.02342571764792635	0.023601213343005724	0.023139350707323956	0.026771573158365477	0.025986254755902986	0.025724478163619405	0.024385258169128152	0.025173918468293168	0.029578014397273127	0.02448262245626942	0.023155909056816387	0.02410826437740822	0.01880766710837072	0.025120523861562334	0.022734675628551675	0.022343608286021718	0.025424965958374693	0.025118539776225496	0.026228989059419946	0.023978394237951766	0.026227442639454826	0.023272265624430154	0.02183414937514266
NW_023496812.1	24550668	81	0.01973908528418195	0.02081272857755096	0.021080678444223712	0.023437410779012086	0.023605180562307797	0.01911549403889851	0.020772644563251	0.020658644387215548	0.020968326258207565	0.02456219735049705	0.023556610670870493	0.023632629576855753	0.021556276534672802	0.02203273342069999	0.028084202274690898	0.021425057294107982	0.01983867017383333	0.021100035181174332	0.016953632600302672	0.022098374219726092	0.020101034156713247	0.02019591741020548	0.022591435032691436	0.02236364513861096	0.02354377412835968	0.021569867557154638	0.02373343054876319	0.02092679839518839	0.019499170228272782
NW_023496812.1	24550668	82	0.022577949643674322	0.0240254941556104	0.024104120794459775	0.026413886667088427	0.026665228962981995	0.0217182443806386	0.023909601911715084	0.02412725541104753	0.02406383058902824	0.027273684075341132	0.02653031296055041	0.026280787122254387	0.025208717189925907	0.025377942997154224	0.029662683700944964	0.02493145308922003	0.023745698083503648	0.02474953964470019	0.01986404690800848	0.025609982410369714	0.02306417038916337	0.02299604523291569	0.026250641214390115	0.026000316832552613	0.026431466858396993	0.024642448253542067	0.02664968667360744	0.023911643734557956	0.02229820097885274
NW_023496812.1	24550668	83	0.017968464775678487	0.019014965370834174	0.01928465441870383	0.02133639173594733	0.021705674918703476	0.017057205704181014	0.01914373321366287	0.019286945190522816	0.019272303029309996	0.022400472651063784	0.02148055503707796	0.02122206415691052	0.020046025721141513	0.02014370895436354	0.024626727310068236	0.01970865162175389	0.018974019803209674	0.01977577502229043	0.016057289214875488	0.02033353647860854	0.018404530016605414	0.018457294771254695	0.020769044060997534	0.020887879412669078	0.021673364254064756	0.01976972057966052	0.02173786131492013	0.01941316076019407	0.017817969863099234
NW_023496812.1	24550668	84	0.016268651758789214	0.016693051130223225	0.016806829508990966	0.018884919006380174	0.018829093128795982	0.014961109450828517	0.016401687044943776	0.01690802411079674	0.016927413963993262	0.01957745130614343	0.018894615472961285	0.01892208725579077	0.017605246560312808	0.01796877092947447	0.022445778167657568	0.01763496543038278	0.016929518914218712	0.017387448391677007	0.015238141842398117	0.017893845991993684	0.016440949656720875	0.016331458360468818	0.018500723771706324	0.018506657192853996	0.01884058628597383	0.01770083309783288	0.019022322021865684	0.01702929185806123	0.015511520387199945
NW_023496812.1	24550668	85	0.02013347817301647	0.02072959791924402	0.020362118617407447	0.023525794617379713	0.023487009053229493	0.018763277144549565	0.01982984682636926	0.020698357539751914	0.02069750696066954	0.02456291675130758	0.023286249660828953	0.023534247108496085	0.02181735747188223	0.02236613040024104	0.02850792866504501	0.021936648607544774	0.02070201954405824	0.02146016009848154	0.01813331206340213	0.022122610273797933	0.020123681360851235	0.019763263200672662	0.02247036995008103	0.02238567529296788	0.023697763270688274	0.02138839122438462	0.023773836913742154	0.02088874132309983	0.019151108241880224
NW_023496812.1	24550668	86	0.015338291539841172	0.015809991754716337	0.015668424947586322	0.017842194811395193	0.01797795008208274	0.014585900442662834	0.015330115829161661	0.01591315317225014	0.015954242113781495	0.01935259740444689	0.01799680942422886	0.018044121116379236	0.016688823292250517	0.017072775312692877	0.023185053597276274	0.01672925079322266	0.016119597514926257	0.016668762538734682	0.014458346241478216	0.016963321758631265	0.015430844788250282	0.015456690103025384	0.017565333146120462	0.01759201308193622	0.018023063852094796	0.01647567076260084	0.018432871136352447	0.016063438020313237	0.014643690924437654
NW_023496812.1	24550668	87	0.019475419355314785	0.02033854988300592	0.019682009163500925	0.022405666055147676	0.02242319850870226	0.019019227295923754	0.019188440489711373	0.020004901352124644	0.01998052211307091	0.02359268134819013	0.022688082988388054	0.02262332857795094	0.02086347760479312	0.021423071267021726	0.026769758773509403	0.020885023779146458	0.020197851819553008	0.02087346109100152	0.01815699692106855	0.021157619720278374	0.019685182857844315	0.01933664877039033	0.021586375467797545	0.021733266496798923	0.022665222940985393	0.020444846771115955	0.02310643640014258	0.0201104603810161	0.018348682711982436
NW_023496812.1	24550668	88	0.018120077203674298	0.018655357332614374	0.018290163223770833	0.02046009911521323	0.020403506644889994	0.01780590517411333	0.017872415667700026	0.018449537814121095	0.01871700421726469	0.021226405379351505	0.020665045201799542	0.020837094392107514	0.019044363402778777	0.01923356215992327	0.0237953912817825	0.01841231992664383	0.01835132928354412	0.019034321772176607	0.015758832839049223	0.019453969335258073	0.01785556936534662	0.018301675436703146	0.020038712861531173	0.020070744453057534	0.020669509168839556	0.01937906410340773	0.02082064035905669	0.01880028808699227	0.01705364004311748
NW_023496812.1	24550668	89	0.019789625282493457	0.02018671997621318	0.019615075002346303	0.02234167919637483	0.022686056294335896	0.019288469191132997	0.018927150206739993	0.019912403508234082	0.020044693197520874	0.02339701431149325	0.02266718410266949	0.02247591101823608	0.020960455702803332	0.0216627298148474	0.02549159585166466	0.021009680195520655	0.020552608550135708	0.020995894830695173	0.01782232134631065	0.02141618394596334	0.020178777453210932	0.019900224239305125	0.021964319465304274	0.022122517821356297	0.022616561514504665	0.02075869038485354	0.022831998346957132	0.02031750616537189	0.018145699654010698
NW_023496812.1	24550668	90	0.020277930971685277	0.021142123252300655	0.020454869257027247	0.023845977490805314	0.02383329615300837	0.0203596079034379	0.019581288179091095	0.02060512625287465	0.020779825419957793	0.02483908385249386	0.023799228207964523	0.023490925376804275	0.021704307770926235	0.022515379838985758	0.027928271141615404	0.022023374444487553	0.021308558974943482	0.021878810703723092	0.018249631648336182	0.022233238480496322	0.02128436923114614	0.020548288966762387	0.02322527837561619	0.022806038219211157	0.02385518878897735	0.021854128019767605	0.023980332882565892	0.020832601868175767	0.019150085805374497
NW_023496812.1	24550668	91	0.025100670633295245	0.02578302841751947	0.0251248201305018	0.02780527576457316	0.0280058828547445	0.024613664151200365	0.024116568727638715	0.025002386257491283	0.025420324142966844	0.028685693137354615	0.027752317391727274	0.028212130907434387	0.026012752187848945	0.026960231803887753	0.03152420485612308	0.02586870599508107	0.025234776547134633	0.02618082111962514	0.021199530039097646	0.02636679657598686	0.02531360678352934	0.024924004971393663	0.027083124028302107	0.027074463336972693	0.02790565186322654	0.026010003304690072	0.028046910577191157	0.025444411539350342	0.0231521831365318
NW_023496812.1	24550668	92	0.026530265847036133	0.02715877916272667	0.02649747762812092	0.03007821888570919	0.029806055255938893	0.025743221930982867	0.025053785861342014	0.026465039814577627	0.0271151134707652	0.030649320352691377	0.029979137185253787	0.029953541820010345	0.027558785615499737	0.028525343734352934	0.03381237312153822	0.027766060642409492	0.02716368499685133	0.02775018934147043	0.02178405534827913	0.027845587294267195	0.026504988306852117	0.026229436448716958	0.028806998893656486	0.0287743716043009	0.03000878873033086	0.027666616244083918	0.030208796102023296	0.026895793293176175	0.024419164763322662
NW_023496812.1	24550668	93	0.02204034593607477	0.022741027399664444	0.022034280856100284	0.025098966623431085	0.02535533314160109	0.021355374018483253	0.021243382449076607	0.022569672453823658	0.022986968089074713	0.025717562154969665	0.025322772427144983	0.025244629254987674	0.023335777623709843	0.024060578555986693	0.027137754238480784	0.02327106446610054	0.02292593523058128	0.02337204766388109	0.018871367599012232	0.023575107230799915	0.02216488139348204	0.02204541180134698	0.024772623595107707	0.024275155015734528	0.02507996315909294	0.023577143162124416	0.025686105086039288	0.022497344779759912	0.02009248774079195
NW_023496812.1	24550668	94	0.023303900986677784	0.0239709373787653	0.023278989162151736	0.026862364097973414	0.02681259100334338	0.022821638185064396	0.022415101365438932	0.023798973017394212	0.024201593371882338	0.027482834188118598	0.026937929529755697	0.026978564699362776	0.024817237996704208	0.026025285873938667	0.029508298248882896	0.02511753004016883	0.024679269868828634	0.025156524368568266	0.02012436931109714	0.025342653788492018	0.023820728349208547	0.023074212739097964	0.026597251850947017	0.026068200800233962	0.026861982815926867	0.024667281828298516	0.027091354477168962	0.023930346027605874	0.020988627735474885
NW_023496812.1	24550668	95	0.02639602609543818	0.02738757966959338	0.026597224572981897	0.03002382450783203	0.029945521279881	0.02579446376635224	0.02556603229325165	0.027094545598169796	0.02728540325646594	0.030562452004901534	0.030145088475748347	0.029857410959869813	0.02773347933032651	0.028523852465118304	0.03283523479387693	0.02776321200003702	0.027207414106288064	0.027818437173595934	0.022358516338102714	0.027708345016274744	0.025630265289180117	0.026510280392308745	0.02864147616986691	0.028863621950225873	0.030136854833525167	0.028028230625958685	0.03024064600576102	0.027184661262357267	0.024541443476620538
NW_023496812.1	24550668	96	0.022888225986770216	0.02465479576219566	0.024320693740641806	0.026980299009556785	0.02682093456638458	0.023366401731882258	0.023694661968768526	0.024549555244448937	0.02476529442389642	0.02772352325261467	0.02688674784591827	0.02694346474905241	0.024635427952412147	0.025921213648227845	0.030034156559393035	0.02513332389325816	0.024820161634971246	0.02476901189989733	0.018536421545128447	0.02515680820794296	0.023328970134379505	0.02378172688522518	0.025873986716552867	0.026376366157885682	0.02720565850199922	0.02530717025646345	0.02729498593683258	0.02446376378795527	0.022473351773997365
NW_023496812.1	24550668	97	0.023421671873085515	0.02561701400107384	0.025534789977700294	0.028218688511603158	0.028360060337308632	0.024609603909186355	0.024872532030065057	0.025213425332046253	0.025321665846503884	0.029237486661077373	0.028853110507121103	0.0288983267531458	0.025860854076963792	0.026974424232407094	0.03164391992241211	0.026310613063063464	0.02501538471918319	0.02570088988766912	0.01847986782975077	0.025640450727014177	0.0239418787094449	0.02466120134427006	0.027116851679082395	0.027348213691446546	0.028807244980886625	0.025610113842739785	0.028712615505411543	0.025013961124278394	0.023960083833541958
NW_023496812.1	24550668	98	0.021757712400262474	0.023080058209466417	0.022928199258043507	0.025165010077535244	0.025310297555926595	0.02244223873029388	0.022272859089291528	0.02300203508530018	0.02297245406972962	0.02580150975476835	0.024946875574663258	0.025168839642892266	0.02318600725868792	0.02356438657043057	0.02819158640253951	0.022548469979316487	0.022967476476252555	0.02305676616726716	0.01697114717866396	0.023006111274805573	0.022320691455988525	0.02210945382330307	0.024369797111977787	0.024245999798816805	0.025481674094090342	0.023403034058267807	0.02547991812966048	0.0227474865823709	0.021552731432813662
NW_023496812.1	24550668	99	0.017921451339892636	0.019471488897598047	0.01962694825418379	0.021287563296383497	0.02145723312921886	0.019254132926108794	0.0189520236578526	0.01973600364115409	0.019843876454429935	0.02184444188072921	0.02137922780707307	0.0211117601919557	0.019575791986461696	0.020120745673936326	0.023550856577512217	0.01864601071992788	0.01943872104601175	0.019284062620676654	0.014451557955344387	0.0196470273781167	0.019104424917050528	0.019021219874700093	0.020810898421523772	0.02062923837693228	0.02132965119225889	0.02031221529100317	0.021541883260000765	0.01960909778194056	0.018745480942438535
NW_023496812.1	24550668	100	0.01929830750526038	0.02072292568032717	0.02119094100271157	0.0224613437755973	0.022986491980048235	0.020687157438983826	0.020347805444829337	0.020979688408848566	0.02117193114324615	0.023705478914683463	0.022922227350179653	0.022484536938757026	0.020947954065504242	0.0215851440426233	0.026818474509561784	0.019411319279625708	0.020776893014776112	0.020559915497562174	0.013656733128252156	0.02109607935496616	0.020600548510958872	0.020353765676688996	0.021831110015110483	0.02195512144040756	0.022912379376753497	0.02152124711704957	0.023071017095265014	0.020836322054131273	0.020143772607022995
NW_023496812.1	24550668	101	0.021962226881099528	0.024197792050448436	0.02455348548292835	0.026380991985002735	0.02658983200986769	0.02401699844574817	0.02358311892132127	0.024120231163954082	0.02432154948909526	0.027267278699807506	0.026482270053546045	0.026477011962849545	0.02426427884364394	0.024766364716577248	0.02925546848973132	0.02284162703923561	0.024077218256027766	0.02397897291518804	0.015085520360249393	0.024273993545739114	0.02322690730551284	0.02349179667693773	0.025447117493973874	0.025758825824943092	0.026759650248545527	0.024659032984496704	0.0268335100355561	0.023909382657226228	0.023212799997511885
NW_023496812.1	24550668	102	0.024242500214928023	0.027315574762332935	0.02754334046124889	0.02998244633198159	0.029664651224306993	0.027009935793715762	0.026344535409918622	0.027168454810860814	0.02747810590940917	0.03043982790486436	0.029640045143023375	0.029496190286424133	0.02724351947907868	0.028164079940032668	0.03220331590938652	0.02723415531821094	0.027394667934417295	0.026978670214360533	0.02211795585388488	0.027492697269430905	0.02652645240167471	0.02644952814428247	0.02884130723700832	0.02843153087675651	0.02985763040912412	0.027925201496925768	0.029792978427578005	0.026890523132411536	0.02631694283018993
NW_023496812.1	24550668	103	0.02553178015847716	0.02837083114800074	0.028232804321899535	0.03102476689137309	0.031013695066875763	0.02773511089396855	0.0269568908066682	0.027836409306870286	0.028307636754615974	0.03165221562808547	0.0310927533437258	0.03095591103898221	0.028280085749293003	0.02966337051039235	0.03390694482938984	0.028511832817669076	0.02868845031328853	0.028219548125295164	0.023195428327054977	0.029254091795145754	0.02790402492320462	0.027136843483990078	0.03003287518097406	0.030247147094523114	0.031502632680384446	0.02893390603648516	0.03128094914180308	0.02777154680124076	0.02693109938292212
NW_023496812.1	24550668	104	0.020791195327690512	0.023505221980498234	0.023452888504112014	0.025431203194172088	0.025623345307072512	0.02328379382248661	0.022402593271830668	0.023189258172011777	0.023766965804472875	0.02637919184144823	0.02580765452472113	0.02532278992151395	0.023245311887686176	0.02467315186042824	0.029254243117697892	0.02298711418987922	0.023836304418270848	0.02334242392462421	0.01995236232197139	0.023861991324451947	0.022993392632340962	0.022634981615368817	0.024637234525753105	0.024928936764111925	0.025762550651069183	0.024323451338677863	0.025803613972478868	0.023260150129487633	0.022677986250707976
NW_023496812.1	24550668	105	0.018758337157896866	0.02126017589931098	0.021020984946147903	0.023537954424327396	0.023448046094858274	0.020756751653506746	0.02011938740374357	0.02096678987955727	0.02097092591576685	0.02428443974497954	0.02346287257253489	0.023432087137660967	0.020797065182574303	0.021812072500412276	0.02656343010865272	0.020217259697197665	0.021066855688090417	0.02067685183530788	0.018533890182299156	0.02104129093673904	0.020310819578121073	0.02016679454191932	0.022521332937395673	0.02181302256330048	0.023619677513127102	0.02221676706024285	0.02371212875017205	0.02098136382401308	0.019886484050355875
NW_023496812.1	24550668	106	0.021316664467680567	0.02334755463411892	0.023317609386750503	0.02481009081626173	0.024984354700503284	0.023102878598977028	0.02266445215139223	0.023112044223734963	0.023485246888781626	0.02572512384957931	0.025393707408610935	0.02508683569280851	0.022556541814831386	0.023913364480570604	0.02795948445782765	0.021833522120335527	0.02309811992639069	0.02238198199968148	0.01928302325574337	0.02319920414206742	0.022589689338165412	0.02273113355073437	0.024759348664395657	0.023901665813408395	0.025179697862626825	0.024322922170189974	0.025466942372083627	0.023166966183607397	0.022517290430392488
NW_023496812.1	24550668	107	0.020641958720825988	0.023022009849679028	0.02283610055790894	0.02497959515283577	0.025154144538271847	0.022636776758785428	0.022228466796787	0.022676021351584964	0.02274945580491322	0.025838339099160022	0.025047775873534024	0.02497435729990799	0.022862091114148476	0.024084370614692742	0.027533038071152927	0.023036714560271693	0.023243815925988717	0.022913863435580845	0.019051981088193132	0.02362947544608425	0.022785510548279007	0.022290752436594747	0.024847505394787212	0.024003209673982118	0.025109236777424517	0.023589410193794576	0.025472722392143567	0.02261219195569286	0.021904166012763075
NW_023496812.1	24550668	108	0.01869351364999955	0.020689225757182152	0.02044177615175317	0.022452711667761343	0.02258526126418234	0.02038525395116001	0.020251734790143656	0.020451111986330938	0.020652786504251845	0.023377180673059418	0.022663269302123784	0.02215526272739423	0.02049754582543811	0.02142009781027091	0.025664247791596043	0.020085911113484997	0.020543542767773298	0.020307481380571504	0.015836680454458248	0.021018372707329876	0.020101062569522404	0.020161553682728244	0.021943282408375817	0.021773377019703576	0.02272140711120095	0.02141933880194618	0.022812212472786093	0.020650096318520963	0.02014393535008272
NW_023496812.1	24550668	109	0.019910253221292824	0.021880340281952234	0.022063140220850347	0.02396182327582286	0.024053397110854517	0.02173104645957754	0.02127193940385565	0.021828377126493128	0.02192685875199929	0.024763431313429906	0.023902704667271346	0.023886427085189132	0.021981583802835682	0.022719892749256523	0.02665315355032149	0.02158497560979374	0.022546951148981236	0.021941516212767603	0.01709813566414703	0.02240762183649955	0.02080190462916008	0.021599894272282632	0.02347063333982321	0.02305508775672695	0.02408243240797558	0.02240658605951638	0.02440745246909939	0.02177832766052795	0.021250884280733767
NW_023496812.1	24550668	110	0.020365906551661477	0.021690151777241727	0.021680026872316977	0.023146599270312707	0.02352181302501498	0.021392341775674648	0.021403910558066317	0.02163056315491658	0.02164706356830624	0.02403885356063949	0.02327491919387839	0.02328505800350703	0.021455713651155894	0.021467653829539506	0.02570508165396825	0.020388072695387453	0.021496086962462344	0.021370228128588215	0.015246349003505192	0.021741781725951276	0.019902449327847977	0.021486190690034688	0.02223390446656998	0.022318140619766218	0.023272994715958114	0.02250790648809858	0.023512255454339343	0.02137625353862358	0.021191309763834845
NW_023496812.1	24550668	111	0.0185954960731734	0.019846010168106443	0.019828539688875765	0.021478496143433987	0.021346874066523535	0.019777484758068863	0.01951139567062306	0.01996024660325445	0.019820981846987395	0.022384376420723797	0.021672664959545646	0.02149640437442849	0.019469018164170574	0.02037421485004744	0.0247325480440851	0.01920798510301233	0.019759692396726355	0.01933970121743359	0.014388259734130002	0.01986914696345189	0.01839955421348049	0.01982001539578287	0.020784138388523943	0.020189501582710368	0.021667218004423314	0.020548905893859902	0.021775786513137777	0.01970461694053427	0.019692970561070354
NW_023496812.1	24550668	112	0.018237190446078543	0.01927436371616405	0.019317004399294867	0.021560762557131484	0.02171467731443911	0.019306541250080175	0.019103837150157746	0.019388042643372932	0.01930666275450251	0.021989826072106866	0.021744950261429054	0.02119604817714831	0.018397127231868596	0.01979675623515145	0.02365127451713729	0.018275387465575752	0.019218472169424378	0.01844938370339077	0.0139094291963453	0.018783414650687277	0.017411955941671865	0.01951177946168851	0.01980228180037621	0.01918648238475424	0.021796596349136926	0.020125751401001854	0.021831019384681724	0.019486051837951792	0.019383214075568797
NW_023496812.1	24550668	113	0.020167847971832086	0.021245660459942365	0.021319588188716897	0.02334070565848332	0.023197559038596098	0.020840772797927287	0.020664405109980775	0.02126804198916073	0.021202270207035925	0.02397114560991909	0.023484517504021665	0.022636075233948488	0.020622795965177562	0.022271812884460073	0.02707746780736538	0.02102405302643933	0.020151755365500405	0.020510009316935276	0.017524965106967248	0.0211958704094035	0.019623629918831924	0.02100018201313135	0.02230348979779062	0.02169063291010087	0.023453569303028398	0.02186517944841783	0.023486473827872875	0.021466262393067197	0.020895812789398675
NW_023496812.1	24550668	114	0.016717158634809826	0.018274477553158693	0.018377309073605443	0.020174948936890254	0.02037207116105271	0.017894626994280058	0.017838911126403487	0.01812402599946258	0.018245246850580696	0.02115276127100393	0.02046920733777947	0.019852141580556926	0.01781664082291561	0.019134690969197038	0.02411154709489039	0.018256916258800215	0.017214990626729414	0.017619796480028142	0.015321757522317082	0.01821077244639326	0.01686884125655687	0.018164822123766106	0.019339180302089615	0.019149534278100185	0.020492796054672285	0.019360543734451716	0.020799613290085773	0.01834677978639328	0.017887649757697043
NW_023496812.1	24550668	115	0.01651327722346057	0.019028169471985018	0.019389780357207984	0.021265407417421747	0.02121466825969105	0.018825402399489804	0.019215689780076737	0.018939885257328305	0.01913772104184945	0.021918726889114195	0.021306639401828434	0.0208669466661946	0.018783696079925388	0.019605694914270676	0.024922624419845735	0.01897316588391253	0.018392605444373617	0.018480450235799493	0.016689863783784446	0.019244999305768007	0.018180987278915546	0.01935784847645076	0.01984314021417358	0.019541442071039566	0.02137543046206914	0.019948269303246384	0.021366433265969268	0.019227383847895654	0.019125447167705957
NW_023496812.1	24550668	116	0.015592988630090258	0.017324683348678708	0.01757573322454462	0.019198727510487158	0.01936165837240471	0.01726651138187389	0.017084473609060284	0.017148830402375505	0.017500782998019635	0.02009333266651187	0.01935672824861405	0.018761513178917003	0.017353835881442688	0.01735554489225379	0.022580429436816433	0.016930894404202288	0.016513041786859202	0.01687438624838462	0.01522959718068755	0.01780582297781116	0.01661874435522911	0.017551938628024722	0.017662464171816133	0.017931869946089384	0.019510562502670987	0.018037158050769206	0.019649506855758697	0.0175465978554879	0.01736329030954775
NW_023496812.1	24550668	117	0.014280998141881473	0.015578507088224985	0.015999628899693766	0.017300743421880108	0.01727953070954402	0.015222198394273363	0.015463499333000702	0.015386566145032251	0.01600689943377166	0.01825628205215185	0.01727870244046676	0.01678178793716286	0.015535601682557108	0.016194438788778943	0.021541748250770827	0.015611744373450325	0.015401316469157614	0.015348371234008652	0.013996859746164122	0.0160915629512524	0.015359874425427153	0.015726884197224174	0.016253619768412553	0.01647216750894616	0.017443684595309778	0.0165115692972315	0.017544999808721894	0.015865844152102165	0.015303567579262493
NW_023496812.1	24550668	118	0.013085117640017482	0.014239196194652467	0.014717210858033661	0.015727869415594335	0.015832701148964737	0.01413305881712208	0.014421730956068418	0.014428469081245223	0.014638196372636041	0.016550569359735128	0.015947631179897892	0.015793220122364546	0.013989188981051821	0.01487768817552011	0.01948561192898663	0.01424177729071748	0.014200099368272307	0.014030317601095108	0.01231674771359266	0.014835349022777798	0.014356576374049522	0.014573925683559816	0.015137610567364878	0.014845001774855988	0.015964187788948	0.015349756186270639	0.01626607009616209	0.01481663895228203	0.01431459373158132
NW_023496812.1	24550668	119	0.014135203937002707	0.014977677122574312	0.015376715099403169	0.0166854180086379	0.016959493473542423	0.014813414210530323	0.0151617562658727	0.01493810369828797	0.01525022840660989	0.017307292843143127	0.01659710169669861	0.01693292719479434	0.014666924917392759	0.015442033496719175	0.020907497884895147	0.014745927365345725	0.014541405546713912	0.014814107460067494	0.013040737227383333	0.015412490797321286	0.014452249942628182	0.015565864690449936	0.015498678971680266	0.015835384959407745	0.016572479939955854	0.016199520102752284	0.01681068722137482	0.015608763018063522	0.015430604367855991
NW_023496812.1	24550668	120	0.010700181340441579	0.011629476382760398	0.011843086415300862	0.012267655846960424	0.012399550749377328	0.011443961911735459	0.011592357277368624	0.011499883990690137	0.011840566542701339	0.01351035330865295	0.012687884769279964	0.012479711826303249	0.0111838262069572	0.011647384157688956	0.016454288172659183	0.011182897870577602	0.01090843130930667	0.011083761246968641	0.00991951307287478	0.01180696744042956	0.011063426764729897	0.011858217225542169	0.011756201669206767	0.012046656911030665	0.012694122354621343	0.012541927356145293	0.012942073063924777	0.012031956839200785	0.01144641242586245
NW_023496812.1	24550668	121	0.006425095710895432	0.007103528261593681	0.007273918689447786	0.008057653814959181	0.008388058307412212	0.007055415781801776	0.006958438769898806	0.007364776377005138	0.007486205362677201	0.009347421491553052	0.008749174530388483	0.008224390624762842	0.007340779945370484	0.007444668508361429	0.011694423949310428	0.0067424708156580936	0.006553393407012836	0.007043034202874097	0.006395920907081662	0.007569498546809236	0.006870467975128106	0.00768699699383125	0.007994744123724347	0.00817540177261418	0.008451358910379505	0.008183479828851349	0.008847817590554584	0.0075529609298368	0.007355640191641957
NW_023496812.1	24550668	122	0.008175873730352714	0.008963128726208944	0.009100744823541954	0.010150441438544646	0.010403055157994723	0.008732329470306437	0.008881615119182578	0.00894108523387842	0.00924688452523194	0.010602106021690354	0.010191736590862846	0.01010152504975822	0.008752673172396364	0.00943826099089742	0.013458118477155107	0.009113110360688655	0.00819642560384581	0.008614965661126196	0.007916678323580445	0.009539313542243005	0.008346469278239805	0.009410527724742735	0.009309722377470261	0.00962181418805126	0.00992712401836695	0.00977193287461714	0.010155347684998204	0.009236931659154107	0.009110415354129433
NW_023496812.1	24550668	123	0.009630071367543106	0.010265609161140771	0.010484734093232884	0.011289100576227451	0.01157790658541837	0.010310675231764776	0.010257560716284454	0.010302588318943923	0.010762590119502763	0.01242228517516782	0.011828977644787108	0.0110932094414352	0.009505225815480139	0.010547022182993122	0.015543215975160929	0.01042765588123596	0.008905075474576463	0.009888200790348014	0.009000356145014992	0.009958856647140763	0.00946099401233413	0.010972064716620992	0.010486025278919557	0.010907748223462303	0.011618779327685898	0.011308659752010947	0.012005222722282972	0.010975174464902055	0.010635700182928814
NW_023496812.1	24550668	124	0.008974161496559562	0.009805178241825576	0.009931778789382398	0.010345502858779276	0.010470439076057585	0.009963812348188135	0.010213785441402114	0.009756702340849313	0.009988535595459175	0.011290931577756139	0.01055278384657301	0.010376806477623995	0.009008957737455577	0.009882972403838782	0.015853124010590715	0.009533381461762235	0.00815092307913655	0.009129441656468005	0.008105537897930355	0.009729404902321033	0.009192772287706336	0.01030654827710437	0.009929659712133911	0.01029135694237683	0.010659457956469777	0.010549759203051644	0.010834505868194988	0.01064239407557831	0.010405767421120933
NW_023496812.1	24550668	125	0.0045499762436675886	0.0056394891116224605	0.005808422397177672	0.005448712453084095	0.005540994859499651	0.005315277648424267	0.0053961242929651	0.005853675771626286	0.0057838002050655014	0.006870161130528106	0.006559097297389357	0.005566012003508139	0.004908733198326154	0.00558423322253537	0.008987045254970717	0.005298589214946709	0.004920913018459116	0.004908706853663244	0.004301353201368021	0.0054145393453794806	0.005026715228118259	0.005579978919855209	0.0070052617530632815	0.006953665882969311	0.006403814803446147	0.0077418372018696275	0.0075722887139527744	0.007130205141914883	0.005720160125672421
NW_023496812.1	24550668	126	0.003081498268773614	0.003471042115975129	0.0036515626551754552	0.003804595033929766	0.0037494828105678274	0.002882900535182171	0.0033800238612502038	0.003636968010129835	0.0039082931510847395	0.00465031463299719	0.004389490563725552	0.003977388612557816	0.0033776845364955664	0.003557505463831662	0.007168400466159222	0.0033423569007874254	0.003182223987778584	0.0032312503882568253	0.0030459643308374993	0.0036613852070826705	0.003259311715036563	0.003652273955589807	0.005581645962038809	0.005926755892283395	0.004327397647500433	0.006492568455573262	0.006206966891891862	0.00536481113348012	0.0037587048738111136
NW_023496810.1	2387461	0	0.013785930152636119	0.016098043165891005	0.01574679797371879	0.018385815861276727	0.018698193710940485	0.01433358454462853	0.014880547582521782	0.015686419941242865	0.016341556543405848	0.0194593443914633	0.018577221113690694	0.018504365978541045	0.016002295940936846	0.0176111456072381	0.023362605220663663	0.017017797682515108	0.015413447822218668	0.01623312975187646	0.014668554147142522	0.016432371107212875	0.017110048581201503	0.014178598378999978	0.01862617428853453	0.017538702251967474	0.01874624828042342	0.017260489792731305	0.01891737427374326	0.015925110473534922	0.014814077223843166
NW_023496810.1	2387461	1	0.014458887526304497	0.017042299791272177	0.016629673012457716	0.019351261063763284	0.019579600219624797	0.015340478006575727	0.016053380132981153	0.01702459394508287	0.017339317386937437	0.02039416799683556	0.019454565689644092	0.019449772589177117	0.016934518462229882	0.01825145525387403	0.022994524759682222	0.017750968996059265	0.01651717166833573	0.017232410569010367	0.015009429734208306	0.01712406730671435	0.017975447171986736	0.01486368001166563	0.01917254500943123	0.01831302978332832	0.01945239499272171	0.018127966673430744	0.019511281888172204	0.01646024009655908	0.015551821482521454
NW_023496810.1	2387461	2	0.01490232210107016	0.01781742530774631	0.017297557225659514	0.019953891421134927	0.02016485253006072	0.015820179122132398	0.016884708421874343	0.01751618367933129	0.018310559076427167	0.020931244492242564	0.02008882735661283	0.020098197504642142	0.017815684859668873	0.019274411574658704	0.024316763686062594	0.018803919914089886	0.01787800962133411	0.01808863815882746	0.015268333191781867	0.017625206128019363	0.01873875435258744	0.015584089702719238	0.020146801738739475	0.019070348605568638	0.020264318850997918	0.018790186603711706	0.020263231866483825	0.017514555251242896	0.0164149394317081
NW_023496810.1	2387461	3	0.01309091964592793	0.015803613510414087	0.01575194308094197	0.01786404306525957	0.017979294371213355	0.014152484213648267	0.01493922811839742	0.015592746944836344	0.016544264031832977	0.018870709329245908	0.017981997637984273	0.017798834997586794	0.015845241599540275	0.01682350113357363	0.022682202674306484	0.016142878372263872	0.01575666244139597	0.015547700075934114	0.013729679115609444	0.01585688418996138	0.0166873275201602	0.014112773456589314	0.017915142632141813	0.016593856496618337	0.017929863620792387	0.016792492754707802	0.018009798057396137	0.015752138630770112	0.01488664019789033
NW_023496810.1	2387461	4	0.01446238057338613	0.017703168041832282	0.017672375212212665	0.02017997952313792	0.020498999563344868	0.015816738823326446	0.016651127671919227	0.017203269258232474	0.018538810852073904	0.020980534380593715	0.020309478567224495	0.02013385229182456	0.01798089687359134	0.018784607188510466	0.024036730174542182	0.01832172824653747	0.017971352590719997	0.017866049367448334	0.014757372611869723	0.018211251658490756	0.01880042077789411	0.015436841893807332	0.020172983527262413	0.019000583667108616	0.020195133282561756	0.018731593007191606	0.020352675912390674	0.01718078888932185	0.01650632222115308
NW_023496810.1	2387461	5	0.014144879771845883	0.016879874535075376	0.016830372722001684	0.019261687059706722	0.019308045909439492	0.015064226881256757	0.01629471147730567	0.016681621938351526	0.017605112098202962	0.02030326599783726	0.01940577291485052	0.019326938508085204	0.01701397160739166	0.017818903259222776	0.023958370051220063	0.017227468777086138	0.016892901401225735	0.01696780828351527	0.01403304502442219	0.01734263942384861	0.017898709785890327	0.014919360946746734	0.01900684993357943	0.01792955253983115	0.019301291412141573	0.018132506991261437	0.01947433293424347	0.016434966153153582	0.015787553260070118
NW_023496810.1	2387461	6	0.013747922592309055	0.016314898726048955	0.016285426102407487	0.018533863395792143	0.018748126838525156	0.014337063381283507	0.015614415770060272	0.01575076643395918	0.01689692896332726	0.019303586247155797	0.018709977309356324	0.01851156320686758	0.016446918710428016	0.01706756939613265	0.02152215104810903	0.01670818849429287	0.016130212938706937	0.015881585486119596	0.012953494124696341	0.01661288050479588	0.017221512886403827	0.014423596345031028	0.01849286108990333	0.017038699423842313	0.018690561858708887	0.017391177361857083	0.018884661703160565	0.015800842731297383	0.015138881002273796
NW_023496810.1	2387461	7	0.011295425726748309	0.013246075456176079	0.013131553261823898	0.015017414632329255	0.015279578704213306	0.01175202739141156	0.012613548940644752	0.012795294465431597	0.013701866397208063	0.016005306425775724	0.015361813900171245	0.015004556726584933	0.013509407943539968	0.014071030138183243	0.019333720373069588	0.013550615575216926	0.012992950928698229	0.012883724263549133	0.011033377589796254	0.013684974834385563	0.014034762728123496	0.011973431740283891	0.0151785849358708	0.014242297309650593	0.015270455621063142	0.014013887310246338	0.015424402968486657	0.012937223534992846	0.012362982569559549
NW_023496810.1	2387461	8	0.014128475129290217	0.017268350919664117	0.016978641912093657	0.019551843133941774	0.019801839507697684	0.01488656877434504	0.016204513049091367	0.01635993697423159	0.01755797253784563	0.02063242394387353	0.01985486321060821	0.01970854224841693	0.0175189278902215	0.018493580498071694	0.023545830240332858	0.018117731690373857	0.017091128397651503	0.016803552799887878	0.014061611645144322	0.017909056539896044	0.01801911396953775	0.015241374674472848	0.01944979002677586	0.017978124388811273	0.019679757353283475	0.01765673425757642	0.019988840476032665	0.016672189659463984	0.015755450815905413
NW_023496810.1	2387461	9	0.010850099393159712	0.013172197180100095	0.013067230506290928	0.01493682647564336	0.015039839482568098	0.011563481753436453	0.012514970701158068	0.012386253144347801	0.013507769427052653	0.01602444874779377	0.015124714295998447	0.015151276728309659	0.012953681909545897	0.01392961220104168	0.020161316860578444	0.013402476584508986	0.012858888480869283	0.012634874935953373	0.01056186530553941	0.013663794532333176	0.013437861840598546	0.01188735086325493	0.014648092227997084	0.014072166121221334	0.015068290614198536	0.013911912966660594	0.015318919581641336	0.012866772054709846	0.012128833730804395
NW_023496810.1	2387461	10	0.009687961954436804	0.011731663084011652	0.01155835679328664	0.013178842764420997	0.013272180952749823	0.010544686160084941	0.011081862708829108	0.0110788475275262	0.01195207251970052	0.014280762186658557	0.013543439671627664	0.013328440401330072	0.011561100804596441	0.012381798415393148	0.018050043879339006	0.011850491433301451	0.011543670238110341	0.011037236771906957	0.00987275225758177	0.012182821464746679	0.01185042069197146	0.010621151337526126	0.013131324056126801	0.012625768657985531	0.013277301465966762	0.012492133117839092	0.013752475823055865	0.011545174654143042	0.0106416928575345
NW_023496810.1	2387461	11	0.009286331280535555	0.01141710994223212	0.01130387803967539	0.012912691599630571	0.013275108618741772	0.010144271234527234	0.010788804306290438	0.010897224898610119	0.011611562565690872	0.014186250607144324	0.013221937927707704	0.012961655670530285	0.011680619748966406	0.01238752516540485	0.018377470576574163	0.011948187707206846	0.01118745092594216	0.011111381717932226	0.009682528420369322	0.01217608048441094	0.011862310394280182	0.010385157919255705	0.012943249137228257	0.012767078199699283	0.013238649066871049	0.011959749809268132	0.013393693802355609	0.011128441784881246	0.01046144806792002
NW_023496810.1	2387461	12	0.008579821809305655	0.010396494290528815	0.010295172969879212	0.01196202459290322	0.012199649553157063	0.009447760355109384	0.009976185229846434	0.009888625266157825	0.010707860183423132	0.013057616999025464	0.012249330350612956	0.012037092830016942	0.010460414538651742	0.011324207703497484	0.017195047632826786	0.010847055732254286	0.010367676063430035	0.009957435637678456	0.008652573683072382	0.011023842835249858	0.010843772646125313	0.009588222706832057	0.011943058894113014	0.01148609834938102	0.012120524808758826	0.011128091247084923	0.01234941856339021	0.010222286751089769	0.009677188651653623
NW_023496810.1	2387461	13	0.002833030546650188	0.0034182629671506413	0.0034398294652361926	0.003920156551326089	0.004234019066686801	0.003096832190629432	0.003383304178700215	0.0033176648089551742	0.0038089612662685216	0.005515166875971307	0.004211297790106505	0.003981734437751272	0.0036022183130204506	0.0037921908469342883	0.012327534239452256	0.003434800567392414	0.0033947007194802714	0.0033726149327924517	0.0031970154875423313	0.00400392356591329	0.0035498196857367804	0.0035115683209917276	0.004713648091998434	0.00470240715006621	0.004111339313431779	0.004457471867366778	0.0044142410869653275	0.0037696668681411146	0.003375112741529008
NW_023496815.1	733197	0	0.019007045529421996	0.02094678818900839	0.021216912114168467	0.0237765635557792	0.023891656312201512	0.021082122057931144	0.021088952434291708	0.021106537097766245	0.0209023622008571	0.024776749273782015	0.024128356550614714	0.02359524056670679	0.020510958255676275	0.0212597958270931	0.02775903155065358	0.01973931219257489	0.020506043894889758	0.019232111308370166	0.01561824528136225	0.0199415341278396	0.018793531543102957	0.02151271322556452	0.021871032561883476	0.020974879216450283	0.0240815532286762	0.022243827418125812	0.02415977388235069	0.021317207801889122	0.021362816976002768
