Chr	Contig	Contig length	Window	Start	End	Window length	Number of filtered sites	Number of SNPs
2L	NW_023496801.1	249963	0	1	232074	232074	125000	61574
3R	NW_023496818.1	268192	0	1	218428	218428	125000	80245
2R	NW_023496805.1	442295	0	1	393895	393895	125000	61329
3L	NW_023496815.1	733197	0	1	601219	601219	125000	75208
2R	NW_023496804.1	524097	0	1	303048	303048	125000	62316
2R	NW_023496804.1	524097	1	303049	510963	207915	125000	65089
X	NW_023496847.1	653633	0	1	241655	241655	125000	78784
X	NW_023496847.1	653633	1	241656	433197	191542	125000	80349
2R	NW_023496809.1	942459	0	1	355733	355733	125000	62888
2R	NW_023496809.1	942459	1	355734	646742	291009	125000	61275
2R	NW_023496809.1	942459	2	646743	888662	241920	125000	61171
3R	NW_023496832.1	1208887	0	1	735363	735363	125000	64705
3R	NW_023496832.1	1208887	1	735364	905583	170220	125000	82734
3R	NW_023496832.1	1208887	2	905584	1083954	178371	125000	83042
3R	NW_023496834.1	977254	0	1	171712	171712	125000	84803
3R	NW_023496834.1	977254	1	171713	444283	272571	125000	83358
3R	NW_023496834.1	977254	2	444284	610811	166528	125000	80833
3R	NW_023496834.1	977254	3	610812	840652	229841	125000	79604
X	NW_023496844.1	1589149	0	1	215099	215099	125000	62402
X	NW_023496844.1	1589149	1	215100	390511	175412	125000	59892
X	NW_023496844.1	1589149	2	390512	588459	197948	125000	60287
X	NW_023496844.1	1589149	3	588460	1017847	429388	125000	62502
2L	NW_023496803.1	1369652	0	1	346543	346543	125000	61835
2L	NW_023496803.1	1369652	1	346544	561045	214502	125000	63756
2L	NW_023496803.1	1369652	2	561046	758331	197286	125000	65420
2L	NW_023496803.1	1369652	3	758332	989961	231630	125000	69045
2L	NW_023496803.1	1369652	4	989962	1217360	227399	125000	63988
3R	NW_023496833.1	1087214	0	1	187732	187732	125000	86273
3R	NW_023496833.1	1087214	1	187733	380078	192346	125000	79005
3R	NW_023496833.1	1087214	2	380079	562702	182624	125000	78579
3R	NW_023496833.1	1087214	3	562703	739313	176611	125000	80590
3R	NW_023496833.1	1087214	4	739314	923790	184477	125000	83262
3R	NW_023496824.1	1833005	0	1	355389	355389	125000	65647
3R	NW_023496824.1	1833005	1	355390	597707	242318	125000	69120
3R	NW_023496824.1	1833005	2	597708	795713	198006	125000	70625
3R	NW_023496824.1	1833005	3	795714	1468339	672626	125000	67672
3R	NW_023496828.1	1609687	0	1	417524	417524	125000	76332
3R	NW_023496828.1	1609687	1	417525	585157	167633	125000	81053
3R	NW_023496828.1	1609687	2	585158	769753	184596	125000	80016
3R	NW_023496828.1	1609687	3	769754	939864	170111	125000	79054
3R	NW_023496828.1	1609687	4	939865	1128489	188625	125000	78689
3R	NW_023496828.1	1609687	5	1128490	1293003	164514	125000	85066
3R	NW_023496828.1	1609687	6	1293004	1526808	233805	125000	80062
X	NW_023496843.1	2338044	0	1	482167	482167	125000	65571
X	NW_023496843.1	2338044	1	482168	956744	474577	125000	67466
X	NW_023496843.1	2338044	2	956745	1397445	440701	125000	67796
X	NW_023496843.1	2338044	3	1397446	1691299	293854	125000	66072
X	NW_023496843.1	2338044	4	1691300	1855262	163963	125000	73631
X	NW_023496843.1	2338044	5	1855263	2044310	189048	125000	74631
X	NW_023496843.1	2338044	6	2044311	2219863	175553	125000	75072
3R	NW_023496822.1	2090180	0	1	276566	276566	125000	79801
3R	NW_023496822.1	2090180	1	276567	449953	173387	125000	83004
3R	NW_023496822.1	2090180	2	449954	633751	183798	125000	82184
3R	NW_023496822.1	2090180	3	633752	889080	255329	125000	79255
3R	NW_023496822.1	2090180	4	889081	1134722	245642	125000	79097
3R	NW_023496822.1	2090180	5	1134723	1303644	168922	125000	77583
3R	NW_023496822.1	2090180	6	1303645	1461356	157712	125000	77931
3R	NW_023496822.1	2090180	7	1461357	1652840	191484	125000	80373
3R	NW_023496822.1	2090180	8	1652841	1882666	229826	125000	78162
X	NW_023496842.1	2783430	0	1	494150	494150	125000	60830
X	NW_023496842.1	2783430	1	494151	675864	181714	125000	64756
X	NW_023496842.1	2783430	2	675865	961900	286036	125000	61158
X	NW_023496842.1	2783430	3	961901	1183976	222076	125000	62008
X	NW_023496842.1	2783430	4	1183977	1519602	335626	125000	59324
X	NW_023496842.1	2783430	5	1519603	1835477	315875	125000	61467
X	NW_023496842.1	2783430	6	1835478	2001905	166428	125000	60910
X	NW_023496842.1	2783430	7	2001906	2190993	189088	125000	59703
X	NW_023496842.1	2783430	8	2190994	2421325	230332	125000	59682
X	NW_023496842.1	2783430	9	2421326	2629819	208494	125000	63696
3R	NW_023496819.1	2609782	0	1	350427	350427	125000	78108
3R	NW_023496819.1	2609782	1	350428	528676	178249	125000	79596
3R	NW_023496819.1	2609782	2	528677	691318	162642	125000	81796
3R	NW_023496819.1	2609782	3	691319	863145	171827	125000	83666
3R	NW_023496819.1	2609782	4	863146	1035042	171897	125000	85206
3R	NW_023496819.1	2609782	5	1035043	1190233	155191	125000	85093
3R	NW_023496819.1	2609782	6	1190234	1363420	173187	125000	80532
3R	NW_023496819.1	2609782	7	1363421	1546652	183232	125000	82110
3R	NW_023496819.1	2609782	8	1546653	1708882	162230	125000	78987
3R	NW_023496819.1	2609782	9	1708883	1885974	177092	125000	82208
3R	NW_023496819.1	2609782	10	1885975	2067156	181182	125000	80999
3R	NW_023496819.1	2609782	11	2067157	2234361	167205	125000	78652
3R	NW_023496819.1	2609782	12	2234362	2406675	172314	125000	81134
3R	NW_023496819.1	2609782	13	2406676	2570515	163840	125000	80410
3L	NW_023496810.1	2387461	0	1	161715	161715	125000	87242
3L	NW_023496810.1	2387461	1	161716	331573	169858	125000	86816
3L	NW_023496810.1	2387461	2	331574	489630	158057	125000	84389
3L	NW_023496810.1	2387461	3	489631	657632	168002	125000	83135
3L	NW_023496810.1	2387461	4	657633	814120	156488	125000	90116
3L	NW_023496810.1	2387461	5	814121	975691	161571	125000	86227
3L	NW_023496810.1	2387461	6	975692	1140048	164357	125000	86029
3L	NW_023496810.1	2387461	7	1140049	1308098	168050	125000	84097
3L	NW_023496810.1	2387461	8	1308099	1473777	165679	125000	89365
3L	NW_023496810.1	2387461	9	1473778	1634297	160520	125000	85194
3L	NW_023496810.1	2387461	10	1634298	1802072	167775	125000	86666
3L	NW_023496810.1	2387461	11	1802073	1969692	167620	125000	84733
3L	NW_023496810.1	2387461	12	1969693	2140781	171089	125000	85705
3L	NW_023496810.1	2387461	13	2140782	2319659	178878	125000	70753
X	NW_023496841.1	3772065	0	1	175757	175757	125000	73661
X	NW_023496841.1	3772065	1	175758	388351	212594	125000	81087
X	NW_023496841.1	3772065	2	388352	587619	199268	125000	84229
X	NW_023496841.1	3772065	3	587620	768173	180554	125000	78488
X	NW_023496841.1	3772065	4	768174	960281	192108	125000	77338
X	NW_023496841.1	3772065	5	960282	1128816	168535	125000	73112
X	NW_023496841.1	3772065	6	1128817	1324914	196098	125000	80380
X	NW_023496841.1	3772065	7	1324915	1514998	190084	125000	76517
X	NW_023496841.1	3772065	8	1514999	1696355	181357	125000	79889
X	NW_023496841.1	3772065	9	1696356	1881175	184820	125000	82690
X	NW_023496841.1	3772065	10	1881176	2062757	181582	125000	82437
X	NW_023496841.1	3772065	11	2062758	2268242	205485	125000	81140
X	NW_023496841.1	3772065	12	2268243	2468505	200263	125000	82731
X	NW_023496841.1	3772065	13	2468506	2659702	191197	125000	78075
X	NW_023496841.1	3772065	14	2659703	2835477	175775	125000	78703
X	NW_023496841.1	3772065	15	2835478	3056099	220622	125000	74390
X	NW_023496841.1	3772065	16	3056100	3252284	196185	125000	79512
X	NW_023496841.1	3772065	17	3252285	3432680	180396	125000	75728
X	NW_023496841.1	3772065	18	3432681	3640641	207961	125000	76312
4	NC_050699.1	2568912	0	1	231513	231513	125000	70744
4	NC_050699.1	2568912	1	231514	435022	203509	125000	70024
4	NC_050699.1	2568912	2	435023	639078	204056	125000	69858
4	NC_050699.1	2568912	3	639079	820051	180973	125000	70561
4	NC_050699.1	2568912	4	820052	1028621	208570	125000	70785
4	NC_050699.1	2568912	5	1028622	1219988	191367	125000	70564
4	NC_050699.1	2568912	6	1219989	1416317	196329	125000	71202
4	NC_050699.1	2568912	7	1416318	1612252	195935	125000	70830
4	NC_050699.1	2568912	8	1612253	1802918	190666	125000	72480
4	NC_050699.1	2568912	9	1802919	1988130	185212	125000	72638
4	NC_050699.1	2568912	10	1988131	2199791	211661	125000	71870
4	NC_050699.1	2568912	11	2199792	2409798	210007	125000	72875
3R	NW_023496817.1	3397172	0	1	174620	174620	125000	80455
3R	NW_023496817.1	3397172	1	174621	355860	181240	125000	81141
3R	NW_023496817.1	3397172	2	355861	539122	183262	125000	81713
3R	NW_023496817.1	3397172	3	539123	717093	177971	125000	81814
3R	NW_023496817.1	3397172	4	717094	923245	206152	125000	84121
3R	NW_023496817.1	3397172	5	923246	1110364	187119	125000	82125
3R	NW_023496817.1	3397172	6	1110365	1315291	204927	125000	84587
3R	NW_023496817.1	3397172	7	1315292	1493744	178453	125000	80888
3R	NW_023496817.1	3397172	8	1493745	1832113	338369	125000	80476
3R	NW_023496817.1	3397172	9	1832114	2052909	220796	125000	81518
3R	NW_023496817.1	3397172	10	2052910	2231480	178571	125000	83062
3R	NW_023496817.1	3397172	11	2231481	2432516	201036	125000	82609
3R	NW_023496817.1	3397172	12	2432517	2594483	161967	125000	79604
3R	NW_023496817.1	3397172	13	2594484	2769701	175218	125000	81116
3R	NW_023496817.1	3397172	14	2769702	2947609	177908	125000	80233
3R	NW_023496817.1	3397172	15	2947610	3112328	164719	125000	79360
3R	NW_023496817.1	3397172	16	3112329	3278483	166155	125000	79343
3R	NW_023496816.1	4075554	0	1	560782	560782	125000	76428
3R	NW_023496816.1	4075554	1	560783	1204908	644126	125000	74323
3R	NW_023496816.1	4075554	2	1204909	1374771	169863	125000	84261
3R	NW_023496816.1	4075554	3	1374772	1554888	180117	125000	81015
3R	NW_023496816.1	4075554	4	1554889	1728877	173989	125000	85155
3R	NW_023496816.1	4075554	5	1728878	1893761	164884	125000	84939
3R	NW_023496816.1	4075554	6	1893762	2069239	175478	125000	82911
3R	NW_023496816.1	4075554	7	2069240	2234052	164813	125000	81143
3R	NW_023496816.1	4075554	8	2234053	2404286	170234	125000	82824
3R	NW_023496816.1	4075554	9	2404287	2574314	170028	125000	82532
3R	NW_023496816.1	4075554	10	2574315	2743693	169379	125000	82907
3R	NW_023496816.1	4075554	11	2743694	2969170	225477	125000	80344
3R	NW_023496816.1	4075554	12	2969171	3141061	171891	125000	83881
3R	NW_023496816.1	4075554	13	3141062	3319590	178529	125000	85830
3R	NW_023496816.1	4075554	14	3319591	3540240	220650	125000	82604
3R	NW_023496816.1	4075554	15	3540241	4038312	498072	125000	75733
3R	NW_023496836.1	6194228	0	1	675737	675737	125000	75993
3R	NW_023496836.1	6194228	1	675738	859082	183345	125000	79400
3R	NW_023496836.1	6194228	2	859083	1073877	214795	125000	78868
3R	NW_023496836.1	6194228	3	1073878	1249008	175131	125000	79864
3R	NW_023496836.1	6194228	4	1249009	1410006	160998	125000	80074
3R	NW_023496836.1	6194228	5	1410007	1586030	176024	125000	77997
3R	NW_023496836.1	6194228	6	1586031	1764834	178804	125000	78608
3R	NW_023496836.1	6194228	7	1764835	1929542	164708	125000	85600
3R	NW_023496836.1	6194228	8	1929543	2106218	176676	125000	81800
3R	NW_023496836.1	6194228	9	2106219	2285281	179063	125000	80254
3R	NW_023496836.1	6194228	10	2285282	2460734	175453	125000	79464
3R	NW_023496836.1	6194228	11	2460735	2684500	223766	125000	81540
3R	NW_023496836.1	6194228	12	2684501	2863615	179115	125000	78338
3R	NW_023496836.1	6194228	13	2863616	3029260	165645	125000	79856
3R	NW_023496836.1	6194228	14	3029261	3201856	172596	125000	80012
3R	NW_023496836.1	6194228	15	3201857	3369414	167558	125000	79399
3R	NW_023496836.1	6194228	16	3369415	3556094	186680	125000	78158
3R	NW_023496836.1	6194228	17	3556095	3722185	166091	125000	79711
3R	NW_023496836.1	6194228	18	3722186	3908655	186470	125000	83090
3R	NW_023496836.1	6194228	19	3908656	4142719	234064	125000	81611
3R	NW_023496836.1	6194228	20	4142720	4296183	153464	125000	82342
3R	NW_023496836.1	6194228	21	4296184	4474573	178390	125000	78758
3R	NW_023496836.1	6194228	22	4474574	4663163	188590	125000	76977
3R	NW_023496836.1	6194228	23	4663164	5922648	1259485	125000	72760
3R	NW_023496837.1	5179314	0	1	216388	216388	125000	73158
3R	NW_023496837.1	5179314	1	216389	379949	163561	125000	71090
3R	NW_023496837.1	5179314	2	379950	587473	207524	125000	75228
3R	NW_023496837.1	5179314	3	587474	786840	199367	125000	74692
3R	NW_023496837.1	5179314	4	786841	947035	160195	125000	82109
3R	NW_023496837.1	5179314	5	947036	1108931	161896	125000	83497
3R	NW_023496837.1	5179314	6	1108932	1275577	166646	125000	84160
3R	NW_023496837.1	5179314	7	1275578	1450570	174993	125000	86082
3R	NW_023496837.1	5179314	8	1450571	1615619	165049	125000	86105
3R	NW_023496837.1	5179314	9	1615620	1780463	164844	125000	87373
3R	NW_023496837.1	5179314	10	1780464	2013631	233168	125000	87743
3R	NW_023496837.1	5179314	11	2013632	2231627	217996	125000	88147
3R	NW_023496837.1	5179314	12	2231628	2404430	172803	125000	86872
3R	NW_023496837.1	5179314	13	2404431	2579105	174675	125000	83064
3R	NW_023496837.1	5179314	14	2579106	2754650	175545	125000	88693
3R	NW_023496837.1	5179314	15	2754651	2929959	175309	125000	84957
3R	NW_023496837.1	5179314	16	2929960	3099798	169839	125000	90194
3R	NW_023496837.1	5179314	17	3099799	3265187	165389	125000	84247
3R	NW_023496837.1	5179314	18	3265188	3442603	177416	125000	85970
3R	NW_023496837.1	5179314	19	3442604	3602280	159677	125000	80492
3R	NW_023496837.1	5179314	20	3602281	3763413	161133	125000	83754
3R	NW_023496837.1	5179314	21	3763414	3959045	195632	125000	87588
3R	NW_023496837.1	5179314	22	3959046	4129772	170727	125000	85227
3R	NW_023496837.1	5179314	23	4129773	4297646	167874	125000	83589
3R	NW_023496837.1	5179314	24	4297647	4462721	165075	125000	85873
3R	NW_023496837.1	5179314	25	4462722	4650112	187391	125000	84793
3R	NW_023496837.1	5179314	26	4650113	5056923	406811	125000	80920
X	NW_023496846.1	6492416	0	1	172541	172541	125000	72378
X	NW_023496846.1	6492416	1	172542	355507	182966	125000	77056
X	NW_023496846.1	6492416	2	355508	533380	177873	125000	72928
X	NW_023496846.1	6492416	3	533381	696998	163618	125000	75035
X	NW_023496846.1	6492416	4	696999	867259	170261	125000	78157
X	NW_023496846.1	6492416	5	867260	1048264	181005	125000	77653
X	NW_023496846.1	6492416	6	1048265	1214948	166684	125000	78188
X	NW_023496846.1	6492416	7	1214949	1379630	164682	125000	77481
X	NW_023496846.1	6492416	8	1379631	1542255	162625	125000	77288
X	NW_023496846.1	6492416	9	1542256	1709207	166952	125000	81537
X	NW_023496846.1	6492416	10	1709208	1913775	204568	125000	76243
X	NW_023496846.1	6492416	11	1913776	2087882	174107	125000	80683
X	NW_023496846.1	6492416	12	2087883	2264515	176633	125000	75215
X	NW_023496846.1	6492416	13	2264516	2435886	171371	125000	79631
X	NW_023496846.1	6492416	14	2435887	2661596	225710	125000	80222
X	NW_023496846.1	6492416	15	2661597	2838037	176441	125000	76515
X	NW_023496846.1	6492416	16	2838038	3012825	174788	125000	77121
X	NW_023496846.1	6492416	17	3012826	3213791	200966	125000	79152
X	NW_023496846.1	6492416	18	3213792	3396019	182228	125000	80415
X	NW_023496846.1	6492416	19	3396020	3571435	175416	125000	77262
X	NW_023496846.1	6492416	20	3571436	3805077	233642	125000	73286
X	NW_023496846.1	6492416	21	3805078	3979671	174594	125000	79827
X	NW_023496846.1	6492416	22	3979672	4149055	169384	125000	77933
X	NW_023496846.1	6492416	23	4149056	4326471	177416	125000	79042
X	NW_023496846.1	6492416	24	4326472	4505887	179416	125000	80635
X	NW_023496846.1	6492416	25	4505888	4693823	187936	125000	76264
X	NW_023496846.1	6492416	26	4693824	4865511	171688	125000	80089
X	NW_023496846.1	6492416	27	4865512	5072325	206814	125000	76126
X	NW_023496846.1	6492416	28	5072326	5263751	191426	125000	78640
X	NW_023496846.1	6492416	29	5263752	5440727	176976	125000	77648
X	NW_023496846.1	6492416	30	5440728	5618726	177999	125000	78508
X	NW_023496846.1	6492416	31	5618727	5792495	173769	125000	78443
X	NW_023496846.1	6492416	32	5792496	5980011	187516	125000	80421
X	NW_023496846.1	6492416	33	5980012	6177794	197783	125000	82124
X	NW_023496846.1	6492416	34	6177795	6365465	187671	125000	82581
3R	NW_023496835.1	6689929	0	1	523965	523965	125000	80690
3R	NW_023496835.1	6689929	1	523966	708075	184110	125000	82219
3R	NW_023496835.1	6689929	2	708076	876533	168458	125000	81150
3R	NW_023496835.1	6689929	3	876534	1049153	172620	125000	82669
3R	NW_023496835.1	6689929	4	1049154	1208130	158977	125000	80731
3R	NW_023496835.1	6689929	5	1208131	1372022	163892	125000	79644
3R	NW_023496835.1	6689929	6	1372023	1545087	173065	125000	84056
3R	NW_023496835.1	6689929	7	1545088	1717983	172896	125000	83386
3R	NW_023496835.1	6689929	8	1717984	1874420	156437	125000	82122
3R	NW_023496835.1	6689929	9	1874421	2039377	164957	125000	83706
3R	NW_023496835.1	6689929	10	2039378	2213010	173633	125000	86294
3R	NW_023496835.1	6689929	11	2213011	2373100	160090	125000	83930
3R	NW_023496835.1	6689929	12	2373101	2538437	165337	125000	83002
3R	NW_023496835.1	6689929	13	2538438	2700063	161626	125000	83702
3R	NW_023496835.1	6689929	14	2700064	2870754	170691	125000	80881
3R	NW_023496835.1	6689929	15	2870755	3044516	173762	125000	81753
3R	NW_023496835.1	6689929	16	3044517	3310910	266394	125000	78168
3R	NW_023496835.1	6689929	17	3310911	3535323	224413	125000	80274
3R	NW_023496835.1	6689929	18	3535324	3701006	165683	125000	81317
3R	NW_023496835.1	6689929	19	3701007	3880077	179071	125000	80697
3R	NW_023496835.1	6689929	20	3880078	4074685	194608	125000	84115
3R	NW_023496835.1	6689929	21	4074686	4250535	175850	125000	84046
3R	NW_023496835.1	6689929	22	4250536	4816672	566137	125000	75629
3R	NW_023496835.1	6689929	23	4816673	5385748	569076	125000	78391
3R	NW_023496835.1	6689929	24	5385749	5563169	177421	125000	85054
3R	NW_023496835.1	6689929	25	5563170	5734418	171249	125000	81153
3R	NW_023496835.1	6689929	26	5734419	5964876	230458	125000	77721
3R	NW_023496835.1	6689929	27	5964877	6315515	350639	125000	78414
3R	NW_023496835.1	6689929	28	6315516	6494768	179253	125000	81866
3R	NW_023496835.1	6689929	29	6494769	6662999	168231	125000	81546
2R	NW_023496808.1	9130409	0	1	175273	175273	125000	82770
2R	NW_023496808.1	9130409	1	175274	337631	162358	125000	83254
2R	NW_023496808.1	9130409	2	337632	498371	160740	125000	82715
2R	NW_023496808.1	9130409	3	498372	672897	174526	125000	81063
2R	NW_023496808.1	9130409	4	672898	849026	176129	125000	84676
2R	NW_023496808.1	9130409	5	849027	1013598	164572	125000	82891
2R	NW_023496808.1	9130409	6	1013599	1202762	189164	125000	82886
2R	NW_023496808.1	9130409	7	1202763	1373362	170600	125000	83156
2R	NW_023496808.1	9130409	8	1373363	1537981	164619	125000	83202
2R	NW_023496808.1	9130409	9	1537982	1709148	171167	125000	85215
2R	NW_023496808.1	9130409	10	1709149	1884596	175448	125000	81946
2R	NW_023496808.1	9130409	11	1884597	2064306	179710	125000	83998
2R	NW_023496808.1	9130409	12	2064307	2255280	190974	125000	85887
2R	NW_023496808.1	9130409	13	2255281	2427693	172413	125000	82744
2R	NW_023496808.1	9130409	14	2427694	2598240	170547	125000	84842
2R	NW_023496808.1	9130409	15	2598241	2771544	173304	125000	81000
2R	NW_023496808.1	9130409	16	2771545	2931234	159690	125000	82376
2R	NW_023496808.1	9130409	17	2931235	3086267	155033	125000	83276
2R	NW_023496808.1	9130409	18	3086268	3257479	171212	125000	84912
2R	NW_023496808.1	9130409	19	3257480	3427104	169625	125000	81602
2R	NW_023496808.1	9130409	20	3427105	3616340	189236	125000	82054
2R	NW_023496808.1	9130409	21	3616341	3821356	205016	125000	83139
2R	NW_023496808.1	9130409	22	3821357	3990660	169304	125000	81950
2R	NW_023496808.1	9130409	23	3990661	4149343	158683	125000	83100
2R	NW_023496808.1	9130409	24	4149344	4328719	179376	125000	81095
2R	NW_023496808.1	9130409	25	4328720	4490899	162180	125000	82580
2R	NW_023496808.1	9130409	26	4490900	4668065	177166	125000	77905
2R	NW_023496808.1	9130409	27	4668066	4866071	198006	125000	75702
2R	NW_023496808.1	9130409	28	4866072	5027060	160989	125000	79983
2R	NW_023496808.1	9130409	29	5027061	5187676	160616	125000	81485
2R	NW_023496808.1	9130409	30	5187677	5380956	193280	125000	76619
2R	NW_023496808.1	9130409	31	5380957	5545615	164659	125000	81449
2R	NW_023496808.1	9130409	32	5545616	5717757	172142	125000	79569
2R	NW_023496808.1	9130409	33	5717758	5949961	232204	125000	77933
2R	NW_023496808.1	9130409	34	5949962	6132467	182506	125000	78883
2R	NW_023496808.1	9130409	35	6132468	6283401	150934	125000	79694
2R	NW_023496808.1	9130409	36	6283402	6457335	173934	125000	78428
2R	NW_023496808.1	9130409	37	6457336	6615307	157972	125000	76462
2R	NW_023496808.1	9130409	38	6615308	6779317	164010	125000	75198
2R	NW_023496808.1	9130409	39	6779318	6962446	183129	125000	77042
2R	NW_023496808.1	9130409	40	6962447	7126353	163907	125000	72031
2R	NW_023496808.1	9130409	41	7126354	7281950	155597	125000	71165
2R	NW_023496808.1	9130409	42	7281951	7567890	285940	125000	72732
2R	NW_023496808.1	9130409	43	7567891	7803327	235437	125000	69729
2R	NW_023496808.1	9130409	44	7803328	8011998	208671	125000	67340
2R	NW_023496808.1	9130409	45	8011999	9130400	1118402	121295	58248
X	NW_023496845.1	13739618	0	1	176925	176925	125000	63367
X	NW_023496845.1	13739618	1	176926	345874	168949	125000	61490
X	NW_023496845.1	13739618	2	345875	497106	151232	125000	69848
X	NW_023496845.1	13739618	3	497107	648708	151602	125000	73816
X	NW_023496845.1	13739618	4	648709	823213	174505	125000	71384
X	NW_023496845.1	13739618	5	823214	982631	159418	125000	72687
X	NW_023496845.1	13739618	6	982632	1149060	166429	125000	74173
X	NW_023496845.1	13739618	7	1149061	1309357	160297	125000	71556
X	NW_023496845.1	13739618	8	1309358	1475170	165813	125000	73902
X	NW_023496845.1	13739618	9	1475171	1649272	174102	125000	78882
X	NW_023496845.1	13739618	10	1649273	1808686	159414	125000	79687
X	NW_023496845.1	13739618	11	1808687	1980368	171682	125000	80258
X	NW_023496845.1	13739618	12	1980369	2140139	159771	125000	77945
X	NW_023496845.1	13739618	13	2140140	2307796	167657	125000	80807
X	NW_023496845.1	13739618	14	2307797	2466848	159052	125000	79619
X	NW_023496845.1	13739618	15	2466849	2630151	163303	125000	77100
X	NW_023496845.1	13739618	16	2630152	2796202	166051	125000	81287
X	NW_023496845.1	13739618	17	2796203	2969883	173681	125000	81916
X	NW_023496845.1	13739618	18	2969884	3143061	173178	125000	83657
X	NW_023496845.1	13739618	19	3143062	3314873	171812	125000	79194
X	NW_023496845.1	13739618	20	3314874	3472349	157476	125000	81092
X	NW_023496845.1	13739618	21	3472350	3658670	186321	125000	80767
X	NW_023496845.1	13739618	22	3658671	3829550	170880	125000	76759
X	NW_023496845.1	13739618	23	3829551	3991887	162337	125000	79896
X	NW_023496845.1	13739618	24	3991888	4158042	166155	125000	77465
X	NW_023496845.1	13739618	25	4158043	4342614	184572	125000	70031
X	NW_023496845.1	13739618	26	4342615	4512219	169605	125000	71863
X	NW_023496845.1	13739618	27	4512220	4679487	167268	125000	74452
X	NW_023496845.1	13739618	28	4679488	4850383	170896	125000	77504
X	NW_023496845.1	13739618	29	4850384	5014539	164156	125000	74624
X	NW_023496845.1	13739618	30	5014540	5173309	158770	125000	73072
X	NW_023496845.1	13739618	31	5173310	5356886	183577	125000	75613
X	NW_023496845.1	13739618	32	5356887	5531772	174886	125000	77514
X	NW_023496845.1	13739618	33	5531773	5692914	161142	125000	80220
X	NW_023496845.1	13739618	34	5692915	5858018	165104	125000	80515
X	NW_023496845.1	13739618	35	5858019	6024663	166645	125000	78217
X	NW_023496845.1	13739618	36	6024664	6188941	164278	125000	76169
X	NW_023496845.1	13739618	37	6188942	6355353	166412	125000	72766
X	NW_023496845.1	13739618	38	6355354	6572856	217503	125000	72104
X	NW_023496845.1	13739618	39	6572857	6741486	168630	125000	75912
X	NW_023496845.1	13739618	40	6741487	6924813	183327	125000	73043
X	NW_023496845.1	13739618	41	6924814	7097973	173160	125000	76486
X	NW_023496845.1	13739618	42	7097974	7260300	162327	125000	79018
X	NW_023496845.1	13739618	43	7260301	7430574	170274	125000	78737
X	NW_023496845.1	13739618	44	7430575	7607762	177188	125000	77729
X	NW_023496845.1	13739618	45	7607763	7788002	180240	125000	75921
X	NW_023496845.1	13739618	46	7788003	7968274	180272	125000	81274
X	NW_023496845.1	13739618	47	7968275	8145079	176805	125000	77843
X	NW_023496845.1	13739618	48	8145080	8312149	167070	125000	77700
X	NW_023496845.1	13739618	49	8312150	8483909	171760	125000	78042
X	NW_023496845.1	13739618	50	8483910	8641984	158075	125000	77227
X	NW_023496845.1	13739618	51	8641985	8811486	169502	125000	76778
X	NW_023496845.1	13739618	52	8811487	8993321	181835	125000	78109
X	NW_023496845.1	13739618	53	8993322	9161945	168624	125000	75671
X	NW_023496845.1	13739618	54	9161946	9328843	166898	125000	80262
X	NW_023496845.1	13739618	55	9328844	9506156	177313	125000	77927
X	NW_023496845.1	13739618	56	9506157	9692815	186659	125000	76974
X	NW_023496845.1	13739618	57	9692816	9880993	188178	125000	76771
X	NW_023496845.1	13739618	58	9880994	10057928	176935	125000	78042
X	NW_023496845.1	13739618	59	10057929	10254414	196486	125000	76978
X	NW_023496845.1	13739618	60	10254415	10455260	200846	125000	77414
X	NW_023496845.1	13739618	61	10455261	10626840	171580	125000	75979
X	NW_023496845.1	13739618	62	10626841	10805590	178750	125000	76320
X	NW_023496845.1	13739618	63	10805591	11014283	208693	125000	79142
X	NW_023496845.1	13739618	64	11014284	11208381	194098	125000	77573
X	NW_023496845.1	13739618	65	11208382	11424755	216374	125000	81372
X	NW_023496845.1	13739618	66	11424756	11644641	219886	125000	73764
X	NW_023496845.1	13739618	67	11644642	11852500	207859	125000	77367
X	NW_023496845.1	13739618	68	11852501	12055551	203051	125000	80382
X	NW_023496845.1	13739618	69	12055552	12236721	181170	125000	79970
X	NW_023496845.1	13739618	70	12236722	12416824	180103	125000	76075
X	NW_023496845.1	13739618	71	12416825	12605525	188701	125000	76106
X	NW_023496845.1	13739618	72	12605526	12931492	325967	125000	81043
X	NW_023496845.1	13739618	73	12931493	13132433	200941	125000	73722
X	NW_023496845.1	13739618	74	13132434	13309388	176955	125000	73264
X	NW_023496845.1	13739618	75	13309389	13500292	190904	125000	79900
X	NW_023496845.1	13739618	76	13500293	13698009	197717	125000	79526
2R	NW_023496807.1	14656957	0	1	231528	231528	125000	73832
2R	NW_023496807.1	14656957	1	231529	401684	170156	125000	72900
2R	NW_023496807.1	14656957	2	401685	551952	150268	125000	70093
2R	NW_023496807.1	14656957	3	551953	719166	167214	125000	76121
2R	NW_023496807.1	14656957	4	719167	880542	161376	125000	82952
2R	NW_023496807.1	14656957	5	880543	1062868	182326	125000	85660
2R	NW_023496807.1	14656957	6	1062869	1224357	161489	125000	78754
2R	NW_023496807.1	14656957	7	1224358	1378863	154506	125000	83782
2R	NW_023496807.1	14656957	8	1378864	1550307	171444	125000	85156
2R	NW_023496807.1	14656957	9	1550308	1726599	176292	125000	83574
2R	NW_023496807.1	14656957	10	1726600	1880883	154284	125000	86278
2R	NW_023496807.1	14656957	11	1880884	2111128	230245	125000	85849
2R	NW_023496807.1	14656957	12	2111129	2273695	162567	125000	84537
2R	NW_023496807.1	14656957	13	2273696	2430045	156350	125000	85945
2R	NW_023496807.1	14656957	14	2430046	2609583	179538	125000	87352
2R	NW_023496807.1	14656957	15	2609584	2782123	172540	125000	87817
2R	NW_023496807.1	14656957	16	2782124	2942410	160287	125000	84129
2R	NW_023496807.1	14656957	17	2942411	3119690	177280	125000	86165
2R	NW_023496807.1	14656957	18	3119691	3285749	166059	125000	89050
2R	NW_023496807.1	14656957	19	3285750	3464416	178667	125000	88637
2R	NW_023496807.1	14656957	20	3464417	3630166	165750	125000	86930
2R	NW_023496807.1	14656957	21	3630167	3799921	169755	125000	86324
2R	NW_023496807.1	14656957	22	3799922	3965106	165185	125000	83390
2R	NW_023496807.1	14656957	23	3965107	4127244	162138	125000	84921
2R	NW_023496807.1	14656957	24	4127245	4298639	171395	125000	86684
2R	NW_023496807.1	14656957	25	4298640	4474490	175851	125000	84191
2R	NW_023496807.1	14656957	26	4474491	4655502	181012	125000	87984
2R	NW_023496807.1	14656957	27	4655503	4827577	172075	125000	84909
2R	NW_023496807.1	14656957	28	4827578	5004253	176676	125000	87528
2R	NW_023496807.1	14656957	29	5004254	5165521	161268	125000	83987
2R	NW_023496807.1	14656957	30	5165522	5324815	159294	125000	84792
2R	NW_023496807.1	14656957	31	5324816	5490066	165251	125000	87120
2R	NW_023496807.1	14656957	32	5490067	5661467	171401	125000	82544
2R	NW_023496807.1	14656957	33	5661468	5824047	162580	125000	87662
2R	NW_023496807.1	14656957	34	5824048	5988953	164906	125000	86225
2R	NW_023496807.1	14656957	35	5988954	6168232	179279	125000	85389
2R	NW_023496807.1	14656957	36	6168233	6348573	180341	125000	85119
2R	NW_023496807.1	14656957	37	6348574	6540084	191511	125000	85013
2R	NW_023496807.1	14656957	38	6540085	6711545	171461	125000	84839
2R	NW_023496807.1	14656957	39	6711546	6889990	178445	125000	85020
2R	NW_023496807.1	14656957	40	6889991	7110352	220362	125000	84848
2R	NW_023496807.1	14656957	41	7110353	7292894	182542	125000	87441
2R	NW_023496807.1	14656957	42	7292895	7483380	190486	125000	86733
2R	NW_023496807.1	14656957	43	7483381	7666362	182982	125000	84731
2R	NW_023496807.1	14656957	44	7666363	7847780	181418	125000	86580
2R	NW_023496807.1	14656957	45	7847781	8013379	165599	125000	85562
2R	NW_023496807.1	14656957	46	8013380	8188128	174749	125000	84579
2R	NW_023496807.1	14656957	47	8188129	8354903	166775	125000	82719
2R	NW_023496807.1	14656957	48	8354904	8541168	186265	125000	84564
2R	NW_023496807.1	14656957	49	8541169	8706154	164986	125000	80827
2R	NW_023496807.1	14656957	50	8706155	8869702	163548	125000	83817
2R	NW_023496807.1	14656957	51	8869703	9025102	155400	125000	82393
2R	NW_023496807.1	14656957	52	9025103	9196035	170933	125000	84532
2R	NW_023496807.1	14656957	53	9196036	9367808	171773	125000	86258
2R	NW_023496807.1	14656957	54	9367809	9545491	177683	125000	84868
2R	NW_023496807.1	14656957	55	9545492	9715052	169561	125000	86809
2R	NW_023496807.1	14656957	56	9715053	9876061	161009	125000	80943
2R	NW_023496807.1	14656957	57	9876062	10054704	178643	125000	83602
2R	NW_023496807.1	14656957	58	10054705	10240745	186041	125000	85049
2R	NW_023496807.1	14656957	59	10240746	10421474	180729	125000	86963
2R	NW_023496807.1	14656957	60	10421475	10614452	192978	125000	86722
2R	NW_023496807.1	14656957	61	10614453	10781169	166717	125000	85682
2R	NW_023496807.1	14656957	62	10781170	10950019	168850	125000	84767
2R	NW_023496807.1	14656957	63	10950020	11119002	168983	125000	83603
2R	NW_023496807.1	14656957	64	11119003	11307612	188610	125000	85753
2R	NW_023496807.1	14656957	65	11307613	11481235	173623	125000	84660
2R	NW_023496807.1	14656957	66	11481236	11659971	178736	125000	81509
2R	NW_023496807.1	14656957	67	11659972	11833930	173959	125000	80586
2R	NW_023496807.1	14656957	68	11833931	12004176	170246	125000	81233
2R	NW_023496807.1	14656957	69	12004177	12175662	171486	125000	83895
2R	NW_023496807.1	14656957	70	12175663	12344147	168485	125000	82405
2R	NW_023496807.1	14656957	71	12344148	12523698	179551	125000	86067
2R	NW_023496807.1	14656957	72	12523699	12690554	166856	125000	81864
2R	NW_023496807.1	14656957	73	12690555	12858545	167991	125000	81278
2R	NW_023496807.1	14656957	74	12858546	13041238	182693	125000	82952
2R	NW_023496807.1	14656957	75	13041239	13225541	184303	125000	83100
2R	NW_023496807.1	14656957	76	13225542	13403986	178445	125000	83695
2R	NW_023496807.1	14656957	77	13403987	13585423	181437	125000	84095
2R	NW_023496807.1	14656957	78	13585424	13770921	185498	125000	83802
2R	NW_023496807.1	14656957	79	13770922	13945418	174497	125000	83138
2R	NW_023496807.1	14656957	80	13945419	14120348	174930	125000	82558
2R	NW_023496807.1	14656957	81	14120349	14289077	168729	125000	84775
2R	NW_023496807.1	14656957	82	14289078	14476048	186971	125000	82152
3L	NW_023496812.1	24550668	0	1	178925	178925	125000	86727
3L	NW_023496812.1	24550668	1	178926	339585	160660	125000	90918
3L	NW_023496812.1	24550668	2	339586	512821	173236	125000	90313
3L	NW_023496812.1	24550668	3	512822	690533	177712	125000	88862
3L	NW_023496812.1	24550668	4	690534	877080	186547	125000	89674
3L	NW_023496812.1	24550668	5	877081	1046619	169539	125000	88908
3L	NW_023496812.1	24550668	6	1046620	1229557	182938	125000	89511
3L	NW_023496812.1	24550668	7	1229558	1396319	166762	125000	87779
3L	NW_023496812.1	24550668	8	1396320	1571460	175141	125000	87830
3L	NW_023496812.1	24550668	9	1571461	1744222	172762	125000	89041
3L	NW_023496812.1	24550668	10	1744223	1925190	180968	125000	89921
3L	NW_023496812.1	24550668	11	1925191	2096742	171552	125000	87288
3L	NW_023496812.1	24550668	12	2096743	2264090	167348	125000	89693
3L	NW_023496812.1	24550668	13	2264091	2442218	178128	125000	88857
3L	NW_023496812.1	24550668	14	2442219	2606912	164694	125000	86395
3L	NW_023496812.1	24550668	15	2606913	2780843	173931	125000	89706
3L	NW_023496812.1	24550668	16	2780844	2947447	166604	125000	85770
3L	NW_023496812.1	24550668	17	2947448	3118864	171417	125000	86098
3L	NW_023496812.1	24550668	18	3118865	3294456	175592	125000	88527
3L	NW_023496812.1	24550668	19	3294457	3465170	170714	125000	89182
3L	NW_023496812.1	24550668	20	3465171	3637288	172118	125000	89576
3L	NW_023496812.1	24550668	21	3637289	3811127	173839	125000	89509
3L	NW_023496812.1	24550668	22	3811128	3984101	172974	125000	90769
3L	NW_023496812.1	24550668	23	3984102	4171752	187651	125000	86375
3L	NW_023496812.1	24550668	24	4171753	4362153	190401	125000	91846
3L	NW_023496812.1	24550668	25	4362154	4541567	179414	125000	90913
3L	NW_023496812.1	24550668	26	4541568	4715321	173754	125000	92443
3L	NW_023496812.1	24550668	27	4715322	4902083	186762	125000	91888
3L	NW_023496812.1	24550668	28	4902084	5093632	191549	125000	85589
3L	NW_023496812.1	24550668	29	5093633	5269434	175802	125000	86815
3L	NW_023496812.1	24550668	30	5269435	5444785	175351	125000	81124
3L	NW_023496812.1	24550668	31	5444786	5633981	189196	125000	84505
3L	NW_023496812.1	24550668	32	5633982	5799768	165787	125000	86468
3L	NW_023496812.1	24550668	33	5799769	5977069	177301	125000	88176
3L	NW_023496812.1	24550668	34	5977070	6180355	203286	125000	90859
3L	NW_023496812.1	24550668	35	6180356	6387158	206803	125000	90586
3L	NW_023496812.1	24550668	36	6387159	6560542	173384	125000	88316
3L	NW_023496812.1	24550668	37	6560543	6732361	171819	125000	88471
3L	NW_023496812.1	24550668	38	6732362	6893705	161344	125000	88032
3L	NW_023496812.1	24550668	39	6893706	7073383	179678	125000	87586
3L	NW_023496812.1	24550668	40	7073384	7252986	179603	125000	88097
3L	NW_023496812.1	24550668	41	7252987	7434084	181098	125000	90184
3L	NW_023496812.1	24550668	42	7434085	7613549	179465	125000	85600
3L	NW_023496812.1	24550668	43	7613550	7791699	178150	125000	87294
3L	NW_023496812.1	24550668	44	7791700	7982161	190462	125000	86657
3L	NW_023496812.1	24550668	45	7982162	8150021	167860	125000	86894
3L	NW_023496812.1	24550668	46	8150022	8392644	242623	125000	89869
3L	NW_023496812.1	24550668	47	8392645	8559825	167181	125000	84739
3L	NW_023496812.1	24550668	48	8559826	8747929	188104	125000	86281
3L	NW_023496812.1	24550668	49	8747930	8922567	174638	125000	87829
3L	NW_023496812.1	24550668	50	8922568	9117607	195040	125000	87560
3L	NW_023496812.1	24550668	51	9117608	9288295	170688	125000	89292
3L	NW_023496812.1	24550668	52	9288296	9492389	204094	125000	93950
3L	NW_023496812.1	24550668	53	9492390	9684849	192460	125000	91527
3L	NW_023496812.1	24550668	54	9684850	9852749	167900	125000	87543
3L	NW_023496812.1	24550668	55	9852750	10019144	166395	125000	86126
3L	NW_023496812.1	24550668	56	10019145	10193607	174463	125000	87703
3L	NW_023496812.1	24550668	57	10193608	10386444	192837	125000	90193
3L	NW_023496812.1	24550668	58	10386445	10574708	188264	125000	82916
3L	NW_023496812.1	24550668	59	10574709	10753516	178808	125000	87910
3L	NW_023496812.1	24550668	60	10753517	10942519	189003	125000	91626
3L	NW_023496812.1	24550668	61	10942520	11122601	180082	125000	88727
3L	NW_023496812.1	24550668	62	11122602	11323926	201325	125000	90180
3L	NW_023496812.1	24550668	63	11323927	11497788	173862	125000	89716
3L	NW_023496812.1	24550668	64	11497789	11673018	175230	125000	88616
3L	NW_023496812.1	24550668	65	11673019	11866070	193052	125000	86205
3L	NW_023496812.1	24550668	66	11866071	12053452	187382	125000	89822
3L	NW_023496812.1	24550668	67	12053453	12238769	185317	125000	87240
3L	NW_023496812.1	24550668	68	12238770	12419953	181184	125000	83790
3L	NW_023496812.1	24550668	69	12419954	12585827	165874	125000	89982
3L	NW_023496812.1	24550668	70	12585828	12758935	173108	125000	88455
3L	NW_023496812.1	24550668	71	12758936	12932358	173423	125000	86799
3L	NW_023496812.1	24550668	72	12932359	13100955	168597	125000	88598
3L	NW_023496812.1	24550668	73	13100956	13279511	178556	125000	86901
3L	NW_023496812.1	24550668	74	13279512	13485907	206396	125000	90152
3L	NW_023496812.1	24550668	75	13485908	13653254	167347	125000	87160
3L	NW_023496812.1	24550668	76	13653255	13837975	184721	125000	91798
3L	NW_023496812.1	24550668	77	13837976	14023136	185161	125000	88173
3L	NW_023496812.1	24550668	78	14023137	14204759	181623	125000	90846
3L	NW_023496812.1	24550668	79	14204760	14372612	167853	125000	91034
3L	NW_023496812.1	24550668	80	14372613	14565745	193133	125000	87786
3L	NW_023496812.1	24550668	81	14565746	14746548	180803	125000	88459
3L	NW_023496812.1	24550668	82	14746549	14929286	182738	125000	91504
3L	NW_023496812.1	24550668	83	14929287	15095425	166139	125000	85982
3L	NW_023496812.1	24550668	84	15095426	15274791	179366	125000	84079
3L	NW_023496812.1	24550668	85	15274792	15453842	179051	125000	85963
3L	NW_023496812.1	24550668	86	15453843	15642537	188695	125000	81325
3L	NW_023496812.1	24550668	87	15642538	15836490	193953	125000	82161
3L	NW_023496812.1	24550668	88	15836491	15993123	156633	125000	84948
3L	NW_023496812.1	24550668	89	15993124	16155649	162526	125000	87582
3L	NW_023496812.1	24550668	90	16155650	16326910	171261	125000	88146
3L	NW_023496812.1	24550668	91	16326911	16506154	179244	125000	88760
3L	NW_023496812.1	24550668	92	16506155	16686660	180506	125000	92681
3L	NW_023496812.1	24550668	93	16686661	16859998	173338	125000	90263
3L	NW_023496812.1	24550668	94	16859999	17038187	178189	125000	89944
3L	NW_023496812.1	24550668	95	17038188	17242303	204116	125000	92320
3L	NW_023496812.1	24550668	96	17242304	17432512	190209	125000	84220
3L	NW_023496812.1	24550668	97	17432513	17629527	197015	125000	86562
3L	NW_023496812.1	24550668	98	17629528	17842046	212519	125000	86730
3L	NW_023496812.1	24550668	99	17842047	18007859	165813	125000	85079
3L	NW_023496812.1	24550668	100	18007860	18189405	181546	125000	85898
3L	NW_023496812.1	24550668	101	18189406	18389541	200136	125000	89921
3L	NW_023496812.1	24550668	102	18389542	18570611	181070	125000	91989
3L	NW_023496812.1	24550668	103	18570612	18779396	208785	125000	91186
3L	NW_023496812.1	24550668	104	18779397	18950477	171081	125000	87407
3L	NW_023496812.1	24550668	105	18950478	19136368	185891	125000	85979
3L	NW_023496812.1	24550668	106	19136369	19329540	193172	125000	91491
3L	NW_023496812.1	24550668	107	19329541	19494376	164836	125000	89748
3L	NW_023496812.1	24550668	108	19494377	19681911	187535	125000	86720
3L	NW_023496812.1	24550668	109	19681912	19844905	162994	125000	88051
3L	NW_023496812.1	24550668	110	19844906	20003470	158565	125000	87567
3L	NW_023496812.1	24550668	111	20003471	20174767	171297	125000	83655
3L	NW_023496812.1	24550668	112	20174768	20350294	175527	125000	86298
3L	NW_023496812.1	24550668	113	20350295	20606755	256461	125000	84746
3L	NW_023496812.1	24550668	114	20606756	21039287	432532	125000	76802
3L	NW_023496812.1	24550668	115	21039288	21637941	598654	125000	78015
3L	NW_023496812.1	24550668	116	21637942	21814683	176742	125000	80174
3L	NW_023496812.1	24550668	117	21814684	22018935	204252	125000	78924
3L	NW_023496812.1	24550668	118	22018936	22201586	182651	125000	76827
3L	NW_023496812.1	24550668	119	22201587	22448805	247219	125000	76690
3L	NW_023496812.1	24550668	120	22448806	22690600	241795	125000	71593
3L	NW_023496812.1	24550668	121	22690601	22867307	176707	125000	68113
3L	NW_023496812.1	24550668	122	22867308	23093766	226459	125000	67410
3L	NW_023496812.1	24550668	123	23093767	23357792	264026	125000	67909
3L	NW_023496812.1	24550668	124	23357793	23725582	367790	125000	68711
3L	NW_023496812.1	24550668	125	23725583	24067160	341578	125000	65572
3L	NW_023496812.1	24550668	126	24067161	24322381	255221	125000	66920
2L	NW_023496800.1	25589241	0	1	221742	221742	125000	69004
2L	NW_023496800.1	25589241	1	221743	402023	180281	125000	68483
2L	NW_023496800.1	25589241	2	402024	607944	205921	125000	68258
2L	NW_023496800.1	25589241	3	607945	761643	153699	125000	69612
2L	NW_023496800.1	25589241	4	761644	928977	167334	125000	73758
2L	NW_023496800.1	25589241	5	928978	1099072	170095	125000	79178
2L	NW_023496800.1	25589241	6	1099073	1385352	286280	125000	80649
2L	NW_023496800.1	25589241	7	1385353	1563591	178239	125000	79527
2L	NW_023496800.1	25589241	8	1563592	1728568	164977	125000	83487
2L	NW_023496800.1	25589241	9	1728569	1939530	210962	125000	80319
2L	NW_023496800.1	25589241	10	1939531	2101608	162078	125000	82149
2L	NW_023496800.1	25589241	11	2101609	2299612	198004	125000	83991
2L	NW_023496800.1	25589241	12	2299613	2507840	208228	125000	87110
2L	NW_023496800.1	25589241	13	2507841	2767755	259915	125000	86600
2L	NW_023496800.1	25589241	14	2767756	2933779	166024	125000	89502
2L	NW_023496800.1	25589241	15	2933780	3114464	180685	125000	87783
2L	NW_023496800.1	25589241	16	3114465	3282326	167862	125000	85496
2L	NW_023496800.1	25589241	17	3282327	3452579	170253	125000	87977
2L	NW_023496800.1	25589241	18	3452580	3612969	160390	125000	85212
2L	NW_023496800.1	25589241	19	3612970	3778182	165213	125000	85656
2L	NW_023496800.1	25589241	20	3778183	3957057	178875	125000	87137
2L	NW_023496800.1	25589241	21	3957058	4117311	160254	125000	84483
2L	NW_023496800.1	25589241	22	4117312	4304866	187555	125000	86122
2L	NW_023496800.1	25589241	23	4304867	4479531	174665	125000	83910
2L	NW_023496800.1	25589241	24	4479532	4659871	180340	125000	87110
2L	NW_023496800.1	25589241	25	4659872	4823232	163361	125000	87579
2L	NW_023496800.1	25589241	26	4823233	4990126	166894	125000	88825
2L	NW_023496800.1	25589241	27	4990127	5177455	187329	125000	86850
2L	NW_023496800.1	25589241	28	5177456	5405961	228506	125000	85158
2L	NW_023496800.1	25589241	29	5405962	5571574	165613	125000	88424
2L	NW_023496800.1	25589241	30	5571575	5741717	170143	125000	87167
2L	NW_023496800.1	25589241	31	5741718	5905769	164052	125000	85300
2L	NW_023496800.1	25589241	32	5905770	6080807	175038	125000	87263
2L	NW_023496800.1	25589241	33	6080808	6290304	209497	125000	84930
2L	NW_023496800.1	25589241	34	6290305	6469754	179450	125000	85720
2L	NW_023496800.1	25589241	35	6469755	6643391	173637	125000	82404
2L	NW_023496800.1	25589241	36	6643392	6815492	172101	125000	83616
2L	NW_023496800.1	25589241	37	6815493	6988062	172570	125000	86548
2L	NW_023496800.1	25589241	38	6988063	7174446	186384	125000	87044
2L	NW_023496800.1	25589241	39	7174447	7345611	171165	125000	86747
2L	NW_023496800.1	25589241	40	7345612	7534274	188663	125000	89670
2L	NW_023496800.1	25589241	41	7534275	7712204	177930	125000	84770
2L	NW_023496800.1	25589241	42	7712205	7885227	173023	125000	88000
2L	NW_023496800.1	25589241	43	7885228	8062903	177676	125000	89255
2L	NW_023496800.1	25589241	44	8062904	8246614	183711	125000	86417
2L	NW_023496800.1	25589241	45	8246615	8434666	188052	125000	88290
2L	NW_023496800.1	25589241	46	8434667	8611429	176763	125000	89540
2L	NW_023496800.1	25589241	47	8611430	8783894	172465	125000	87258
2L	NW_023496800.1	25589241	48	8783895	8975514	191620	125000	87077
2L	NW_023496800.1	25589241	49	8975515	9156480	180966	125000	86305
2L	NW_023496800.1	25589241	50	9156481	9338880	182400	125000	87566
2L	NW_023496800.1	25589241	51	9338881	9519637	180757	125000	86185
2L	NW_023496800.1	25589241	52	9519638	9700520	180883	125000	88084
2L	NW_023496800.1	25589241	53	9700521	9889648	189128	125000	88681
2L	NW_023496800.1	25589241	54	9889649	10108430	218782	125000	86848
2L	NW_023496800.1	25589241	55	10108431	10279238	170808	125000	89025
2L	NW_023496800.1	25589241	56	10279239	10464340	185102	125000	90901
2L	NW_023496800.1	25589241	57	10464341	10641324	176984	125000	89383
2L	NW_023496800.1	25589241	58	10641325	10803733	162409	125000	88921
2L	NW_023496800.1	25589241	59	10803734	10975388	171655	125000	86977
2L	NW_023496800.1	25589241	60	10975389	11150670	175282	125000	86201
2L	NW_023496800.1	25589241	61	11150671	11331091	180421	125000	88818
2L	NW_023496800.1	25589241	62	11331092	11499694	168603	125000	84847
2L	NW_023496800.1	25589241	63	11499695	11689668	189974	125000	90231
2L	NW_023496800.1	25589241	64	11689669	11861933	172265	125000	88430
2L	NW_023496800.1	25589241	65	11861934	12026740	164807	125000	87437
2L	NW_023496800.1	25589241	66	12026741	12194523	167783	125000	87553
2L	NW_023496800.1	25589241	67	12194524	12355128	160605	125000	86186
2L	NW_023496800.1	25589241	68	12355129	12515002	159874	125000	87930
2L	NW_023496800.1	25589241	69	12515003	12680615	165613	125000	87741
2L	NW_023496800.1	25589241	70	12680616	12856515	175900	125000	86910
2L	NW_023496800.1	25589241	71	12856516	13038345	181830	125000	89956
2L	NW_023496800.1	25589241	72	13038346	13201069	162724	125000	85289
2L	NW_023496800.1	25589241	73	13201070	13381528	180459	125000	88673
2L	NW_023496800.1	25589241	74	13381529	13547089	165561	125000	84528
2L	NW_023496800.1	25589241	75	13547090	13738231	191142	125000	88265
2L	NW_023496800.1	25589241	76	13738232	13914034	175803	125000	87883
2L	NW_023496800.1	25589241	77	13914035	14089719	175685	125000	86157
2L	NW_023496800.1	25589241	78	14089720	14262119	172400	125000	85883
2L	NW_023496800.1	25589241	79	14262120	14432558	170439	125000	91535
2L	NW_023496800.1	25589241	80	14432559	14625870	193312	125000	90315
2L	NW_023496800.1	25589241	81	14625871	14805991	180121	125000	88214
2L	NW_023496800.1	25589241	82	14805992	14965409	159418	125000	85407
2L	NW_023496800.1	25589241	83	14965410	15133120	167711	125000	86816
2L	NW_023496800.1	25589241	84	15133121	15304595	171475	125000	88223
2L	NW_023496800.1	25589241	85	15304596	15468144	163549	125000	86977
2L	NW_023496800.1	25589241	86	15468145	15639907	171763	125000	88572
2L	NW_023496800.1	25589241	87	15639908	15813204	173297	125000	89314
2L	NW_023496800.1	25589241	88	15813205	15985581	172377	125000	89115
2L	NW_023496800.1	25589241	89	15985582	16172066	186485	125000	87414
2L	NW_023496800.1	25589241	90	16172067	16361152	189086	125000	89353
2L	NW_023496800.1	25589241	91	16361153	16538931	177779	125000	89530
2L	NW_023496800.1	25589241	92	16538932	16727997	189066	125000	87481
2L	NW_023496800.1	25589241	93	16727998	16931601	203604	125000	91719
2L	NW_023496800.1	25589241	94	16931602	17111623	180022	125000	91233
2L	NW_023496800.1	25589241	95	17111624	17323301	211678	125000	88379
2L	NW_023496800.1	25589241	96	17323302	17504379	181078	125000	91714
2L	NW_023496800.1	25589241	97	17504380	17675662	171283	125000	90134
2L	NW_023496800.1	25589241	98	17675663	17855111	179449	125000	91310
2L	NW_023496800.1	25589241	99	17855112	18031401	176290	125000	89724
2L	NW_023496800.1	25589241	100	18031402	18201602	170201	125000	87578
2L	NW_023496800.1	25589241	101	18201603	18367657	166055	125000	78915
2L	NW_023496800.1	25589241	102	18367658	18551179	183522	125000	89972
2L	NW_023496800.1	25589241	103	18551180	18733261	182082	125000	90023
2L	NW_023496800.1	25589241	104	18733262	18902220	168959	125000	88282
2L	NW_023496800.1	25589241	105	18902221	19084172	181952	125000	90098
2L	NW_023496800.1	25589241	106	19084173	19286530	202358	125000	92088
2L	NW_023496800.1	25589241	107	19286531	19453353	166823	125000	87616
2L	NW_023496800.1	25589241	108	19453354	19639938	186585	125000	91413
2L	NW_023496800.1	25589241	109	19639939	19828388	188450	125000	91505
2L	NW_023496800.1	25589241	110	19828389	20015982	187594	125000	89602
2L	NW_023496800.1	25589241	111	20015983	20201442	185460	125000	91220
2L	NW_023496800.1	25589241	112	20201443	20409727	208285	125000	93364
2L	NW_023496800.1	25589241	113	20409728	20626088	216361	125000	90355
2L	NW_023496800.1	25589241	114	20626089	20803233	177145	125000	91907
2L	NW_023496800.1	25589241	115	20803234	20981351	178118	125000	89481
2L	NW_023496800.1	25589241	116	20981352	21165729	184378	125000	90560
2L	NW_023496800.1	25589241	117	21165730	21341029	175300	125000	90021
2L	NW_023496800.1	25589241	118	21341030	21523778	182749	125000	90182
2L	NW_023496800.1	25589241	119	21523779	21701818	178040	125000	90950
2L	NW_023496800.1	25589241	120	21701819	21879527	177709	125000	90958
2L	NW_023496800.1	25589241	121	21879528	22054371	174844	125000	87562
2L	NW_023496800.1	25589241	122	22054372	22232847	178476	125000	87589
2L	NW_023496800.1	25589241	123	22232848	22412753	179906	125000	89978
2L	NW_023496800.1	25589241	124	22412754	22586945	174192	125000	89478
2L	NW_023496800.1	25589241	125	22586946	22746548	159603	125000	87117
2L	NW_023496800.1	25589241	126	22746549	22916572	170024	125000	87216
2L	NW_023496800.1	25589241	127	22916573	23076866	160294	125000	86302
2L	NW_023496800.1	25589241	128	23076867	23246688	169822	125000	86857
2L	NW_023496800.1	25589241	129	23246689	23407659	160971	125000	84144
2L	NW_023496800.1	25589241	130	23407660	23565981	158322	125000	87018
2L	NW_023496800.1	25589241	131	23565982	23735965	169984	125000	85874
2L	NW_023496800.1	25589241	132	23735966	23898597	162632	125000	84046
2L	NW_023496800.1	25589241	133	23898598	24066202	167605	125000	83935
2L	NW_023496800.1	25589241	134	24066203	24222518	156316	125000	84913
2L	NW_023496800.1	25589241	135	24222519	24372820	150302	125000	82402
2L	NW_023496800.1	25589241	136	24372821	24523722	150902	125000	83968
2L	NW_023496800.1	25589241	137	24523723	24684050	160328	125000	84348
2L	NW_023496800.1	25589241	138	24684051	24830980	146930	125000	80352
2L	NW_023496800.1	25589241	139	24830981	24980401	149421	125000	80526
2L	NW_023496800.1	25589241	140	24980402	25133259	152858	125000	80930
2L	NW_023496800.1	25589241	141	25133260	25289736	156477	125000	79924
2L	NW_023496800.1	25589241	142	25289737	25468608	178872	125000	73031
