contig	start_coord	window	FR-Run	FR-Par	FR-Lez	CN-Lia	CN-Bei	FR-Cor	ES-Bar	DE-Jen	DE-Dos	JP-Tok	JP-Sap	CN-Shi	US-Wis	US-Wat	CN-Nin	US-Sok	US-Sdi	US-Nca	US-Haw	US-Col	BR-Pal	IT-Tre	US-CAOx	US-WIOr	JP-Hok	DE-Jen2	JP-Kan	FR-Lez2	IT-Tre2
NW_023496800.1	6643392	0	0.006768527427147961	0.006624668540872416	0.0056185001460183365	0.010018560460226532	0.010361808303267425	0.005957664121514127	0.006213289290845746	0.006818260164012525	0.005857633439257387	0.009342682303811642	0.008124111119981637	0.011083322848339235	0.007367343464900607	0.008271246100798534	0.013322897222470001	0.006436644974805258	0.005872953287756023	0.006582547947468595	0.006031539196469298	0.007777844440955282	0.006040532898009661	0.006409042639472143	0.007202629787827285	0.007718035367451383	0.0096130606776674	0.0072195050482086204	0.009828355965964243	0.006210269746115257	0.007092783391957624
NW_023496800.1	6644686	1	0.00613910763492555	0.006422690259966115	0.005883283663879822	0.007659042261778051	0.0071304589938370085	0.005569093147960689	0.005606487780799714	0.006119623881043988	0.005487768345735351	0.008040330634190443	0.007132812315845362	0.007829814457031426	0.007078106621788342	0.007487381480180224	0.009037932553706444	0.005767440131230092	0.006595193781557961	0.006499277591801528	0.005443230000408216	0.007068107515004501	0.006597799485015368	0.00528135279408794	0.007597891024732843	0.007257446095648537	0.007350512330679023	0.00795272148133654	0.007851700875760516	0.005921847980344664	0.0055043521705001675
NW_023496800.1	6645765	2	0.019066291219910683	0.026592163279595394	0.025034431904687696	0.026399514672761547	0.02661217929312331	0.025394144096844366	0.02468689875115255	0.023857324512557433	0.025871567301028263	0.026582238196475674	0.027755782782146837	0.02620289857807124	0.023772986353775644	0.026798313644527838	0.027576673751147477	0.0234654290148955	0.025575644640488556	0.02475310069220497	0.024017939707188206	0.021383257672722884	0.0240911806583301	0.024400343605666855	0.02878769351543482	0.024163287994456332	0.026620021530074964	0.026865133949935213	0.026998440359289232	0.023779158810751034	0.024897206024570056
NW_023496800.1	6646978	3	0.007071210710734866	0.009533315443792031	0.010839611211347003	0.010214408301541968	0.00926782041094304	0.010418714202412114	0.009764656865064626	0.01044060873266587	0.010251420674556581	0.010638522736192275	0.010171580968422862	0.00905377199341878	0.007558877944257636	0.0075494090462603905	0.012001290902347257	0.0074602146042598745	0.007084028863469199	0.007055962364732706	0.005605531744350128	0.008434358009221939	0.006632142121218849	0.010422562901342212	0.009103924582636227	0.00932308575312722	0.01054085494058051	0.009995834808573217	0.01106692881931669	0.01015679473504535	0.011120154366721249
NW_023496800.1	6648172	4	0.006657773485325625	0.007998157483473278	0.009213398532707614	0.007970580937988908	0.007966042635750643	0.008557264971178933	0.009184464942513086	0.00916305294258757	0.009642788721044728	0.008484241605324811	0.00776720611118616	0.008302093821994178	0.00801812998302671	0.006631122286075415	0.010276985658716799	0.006940904504835052	0.00975125204824215	0.008475262372511224	0.00685139382145456	0.008582140486898251	0.008835686506736875	0.010058754305616162	0.008956748233044187	0.010107904970236337	0.00816775833384583	0.009350334441706949	0.008450305480006057	0.008980105085462915	0.008592763979287626
NW_023496800.1	6649650	5	0.016934125797151315	0.018223379847479546	0.01945323408612626	0.02033191711746512	0.019046340824132493	0.02134004942257271	0.01990692491524979	0.019857775174616756	0.0215840922882247	0.02226360724575332	0.020525685528162786	0.020488355290717394	0.015777831834579818	0.017293215926350407	0.02328743840516883	0.015283880004626296	0.015802726834769472	0.016724390820062506	0.014370827517780991	0.016909818214767374	0.018112554849190624	0.01979537397494216	0.018418951688768025	0.016355247820024708	0.019545401745853057	0.020070300036380672	0.021870233435313368	0.02241408003594485	0.021818370942196654
NW_023496800.1	6651233	6	0.02566307925149981	0.024659962573358864	0.02463660076652952	0.023485048522723238	0.026219320111589683	0.022477189063514393	0.021210008755059358	0.024074176967217382	0.025339837337084878	0.027395502217831293	0.026489285815367677	0.02622627263853027	0.027734607071918983	0.03301537031042663	0.031114307093184985	0.027710993894519875	0.019417749467844275	0.026551098684727787	0.011404138357861419	0.028523774863136078	0.024209686679467272	0.018939487913147948	0.02888752650138194	0.028268179825671674	0.02446237885051616	0.02597563867797497	0.025395455989946084	0.023692068926091936	0.019829375908640777
NW_023496800.1	6652394	7	0.007365195761945055	0.008480780108238108	0.009769756164823234	0.009299834780604862	0.012101411772428239	0.009057734064567608	0.008682299884588102	0.009803836266118846	0.009577555192181302	0.011178114584959233	0.010550503975482064	0.010885772907022948	0.011535033278440696	0.011288478523888465	0.012393118416296164	0.012574128324928838	0.010349389381316104	0.00983069006218389	0.011547854428605467	0.010674557442829554	0.008642648234804918	0.01078117106163124	0.012452189344185866	0.012026750845674885	0.010866686693191631	0.010207749255478451	0.011094151070968327	0.009978134212912474	0.009483552733910744
NW_023496800.1	6654278	8	0.013235687072347018	0.016585524061919214	0.016426038244914815	0.018769782593809906	0.01790257735643149	0.016931699924604277	0.015690997038307945	0.016337860877204877	0.01690930719549237	0.019712201019171087	0.01823515377005788	0.018563521699160045	0.015830832446584182	0.016479518019062722	0.02026552063314408	0.016136061305388232	0.017788926015381602	0.014681673756766897	0.015949910833517884	0.01596535999115335	0.014627305968591287	0.016633905575737035	0.018668229218622667	0.016182880139200655	0.01793897156450462	0.016922743386908752	0.018663998883257912	0.017599679801947727	0.016997497887792253
NW_023496800.1	6655670	9	0.010621659323924105	0.010690199732468502	0.010876178994528697	0.01229666351885101	0.013328153983235232	0.010977866073171725	0.009674885724356172	0.009593708549408749	0.011140989029409246	0.013111538779001189	0.013330683421944036	0.012602088024072816	0.00992854354784173	0.013162571004258479	0.01772091119625505	0.013266762985328584	0.009054402691123703	0.009361637094269508	0.009258892298450937	0.010063339282852574	0.010082562524999611	0.010221100402435727	0.010834678907912705	0.010688661607006131	0.012761318114651614	0.01303102614872408	0.014028522822278478	0.010759068800790424	0.01105412890293587
NW_023496800.1	6656976	10	0.007533382308296639	0.010067607675155377	0.0101505718215695	0.009411755879915204	0.012273641703107357	0.01110048129799871	0.011175734880943727	0.009797811594758342	0.012447791550556057	0.012347043975344892	0.011985896746731235	0.010612893531233139	0.008200034287739173	0.00957613637200871	0.013222792333239766	0.009066862819261513	0.009729048798986117	0.009179512693489504	0.009092309529445607	0.009871081427652062	0.010591823313355644	0.011632872432849918	0.010340126337579738	0.010088964961769857	0.010953654339375769	0.01151214644335701	0.010757751996713832	0.011711062285036843	0.011264594063487995
NW_023496800.1	6658423	11	0.00904087953442746	0.009075996770571991	0.008247152604372827	0.00987537814924082	0.009972975310674816	0.00891696856569908	0.010376711347540606	0.010066310796516507	0.00990470890088346	0.010890354141667669	0.010062564741450232	0.009032434704743998	0.010990031471147355	0.009591726479351095	0.010312236986188333	0.007687756996321541	0.007611395843398481	0.010117689317339893	0.006428290583504387	0.010376980686868674	0.009434205734497342	0.009981236898511157	0.01050218395318216	0.011525361022630997	0.00969422232578974	0.011959414639331718	0.009944916540470491	0.010377967727722537	0.010216483551171333
NW_023496800.1	6659569	12	0.007632500461008903	0.010352567523997316	0.009823195872111258	0.010961979463410598	0.01139018033573785	0.008305673511341073	0.009052485814046437	0.01000428839668162	0.011094234899355813	0.012052757517783584	0.01008988360764072	0.01170810335708087	0.009466846969183804	0.0112148617123715	0.010859297615268815	0.011388668068528564	0.011700132486067332	0.009788560763639986	0.010238600535810048	0.010365569783776778	0.011412192529687181	0.009294819203262871	0.011831403481970358	0.009992115750502335	0.011351702155690986	0.010709562498559899	0.011352686733287964	0.01005684734321761	0.00782956351937884
NW_023496800.1	6661215	13	0.007460085641718975	0.009233355836066529	0.008865372850025957	0.009527049785385091	0.009633135926158167	0.008750399042650266	0.009363653200383246	0.00877238449766208	0.009369870242224536	0.009669135135102981	0.010248186729726026	0.010346731053127235	0.009133396828187739	0.008601535093830806	0.01023446737043346	0.008275915352513723	0.007622868820062949	0.009074476387200235	0.007054900496072059	0.008661682990525853	0.007691445425957091	0.009552443789878226	0.010223273059074613	0.0091597061602391	0.0089047747197894	0.010354227478278794	0.010759276048997336	0.010175393643689386	0.0100885091705214
NW_023496800.1	6662514	14	0.0037841070855539004	0.004042110213893156	0.005108015798617909	0.00517925923566465	0.005602770620550812	0.005392843752101307	0.005821618094512884	0.0048907434500768555	0.006493671854429957	0.006765401800225732	0.007369832620473799	0.005550656816714068	0.005067813604892011	0.0061805935268313995	0.008274035592951864	0.004729692716752841	0.0037109706270208286	0.0033964645010194426	0.00519591869186246	0.0051475291569385625	0.0031940822735515655	0.00668015952979142	0.006158986765546162	0.0054575371217334195	0.0057979403763080035	0.006381905391182053	0.006987251468993081	0.006506417411076403	0.0060508698223529864
NW_023496800.1	6663752	15	0.008202606528799472	0.009296211977463529	0.008963537039106087	0.008256596633563961	0.008009900134103878	0.008538109594569297	0.007912943601965195	0.007740699036235313	0.008600164745163258	0.0073958180551436555	0.00849021275096091	0.007007877083283685	0.007076649082961776	0.007068737727990287	0.011624360211819087	0.0064525975836514145	0.005925212306259939	0.0059446941614618555	0.007259727105086397	0.006809063684967223	0.00654368430385142	0.009332606255614608	0.008268576037237924	0.0066510802321567385	0.007566746544267644	0.009180057306713722	0.009213800826618011	0.008402642069539393	0.008649715008804577
NW_023496800.1	6665186	16	0.0034520641968381915	0.0050665391147700954	0.004653146467597767	0.005963991290330029	0.007546656337350362	0.004286846685931745	0.004499860401262573	0.00469212269080282	0.00564395638649202	0.00885628590414398	0.007509434362800816	0.008033155317970227	0.005975156121476437	0.007256331320432035	0.009755448524930013	0.006277274703785294	0.004741494259614133	0.004783502357936368	0.004453233138690307	0.006759768877111233	0.0068262881843611095	0.00466468690875735	0.007379330467937103	0.007901439841637636	0.006365112971280683	0.004593706470338189	0.00737827771854197	0.005490224370098609	0.005142818293212773
NW_023496800.1	6666914	17	0.012594397665816014	0.012919615336629612	0.01227864572251245	0.014719539204984412	0.01496172845673398	0.010897250720163591	0.011226422130403603	0.013882004362480858	0.013477900155374315	0.015128866116469296	0.015386864360781622	0.013992260684216523	0.013639230248590409	0.013742356772793864	0.01586278198201165	0.0128209502379204	0.010454867990769232	0.013750030459963808	0.011835517276260518	0.013895024656551467	0.012671532999782263	0.011755960759709309	0.012980010685486704	0.012955476506552472	0.014655850001418953	0.013669291089258996	0.015095764191642658	0.013800400851889346	0.012330911884573572
NW_023496800.1	6668044	18	0.010949748955700412	0.011780167152523521	0.011050907429279262	0.014806973962245704	0.014580670771256018	0.009395607661994222	0.008834646810060178	0.011145659558863534	0.009604564157741146	0.017795537315916387	0.018179913284055972	0.017340196437336173	0.017340108495769568	0.018116685349246542	0.019602272845442418	0.018011119900608035	0.012285354527511378	0.01441107092222964	0.011135639486243663	0.01661288235682282	0.015558740560332556	0.01103938625915727	0.017691403845350555	0.016129508907725028	0.016323323590086373	0.011109891027960053	0.016124436032898235	0.01149841833293679	0.010621828006078471
NW_023496800.1	6669932	19	0.018546037238315344	0.023376183849721077	0.024943177288614678	0.022832420058497477	0.024394138663013338	0.02189132103316641	0.023053607305838237	0.02460265108952621	0.024212859241835024	0.025068438040803342	0.0245471269751723	0.02255993674222266	0.021930426358240832	0.02431014658966456	0.026318991150347557	0.021529242409900763	0.022139136139647887	0.021048994669654087	0.02076882774985595	0.021268859549747356	0.021031683023741737	0.024586352916752912	0.02297539438586601	0.023156494570945246	0.0246597646356801	0.02370757376451328	0.024384778754635225	0.025629583590675672	0.022748010559764574
NW_023496800.1	6671643	20	0.0030315231448621227	0.004391809729284687	0.0033658969635981303	0.004277897463215945	0.0039349613642379235	0.003869066702238322	0.004186361997425903	0.004007985196692653	0.004240669156381201	0.00452211534554586	0.005008771012845244	0.004099653851009532	0.0034636209053154295	0.003167615330317342	0.005286867286573189	0.003492048504452918	0.0029712166771386985	0.002927332727336778	0.003489359566370557	0.0040600148434595485	0.002950994820511872	0.003740114082597385	0.00505387892046751	0.004284784268908371	0.0042163336901154605	0.004830527267606636	0.005141077743139058	0.004226196819090836	0.004329164267685002
NW_023496800.1	6674919	21	0.032004175410870236	0.04030204674763482	0.037065373686072746	0.04032528899163215	0.0407854135175033	0.04014891079800483	0.03777121860159294	0.037635542911682966	0.038739878959996824	0.0407830929647894	0.0395241763395471	0.04123004200199908	0.0357079968441274	0.03465825545626557	0.042649542079841306	0.031260576159012864	0.032748330897219444	0.03285443441035366	0.023343620104986296	0.03449935170874989	0.029098808068270338	0.038401614090151685	0.038424735033776976	0.03927435383985303	0.041646288260645724	0.03638508412884683	0.03915819156638631	0.039485923821891894	0.03951506294250467
NW_023496800.1	6676356	22	0.028821231891385565	0.03449573134278641	0.034773538303173264	0.032056981906034045	0.03132659482736276	0.03718703294483574	0.03549660957210825	0.03597902643065923	0.035131053657673855	0.03014048042496164	0.03111215987500037	0.02953303030890442	0.030207055416185034	0.027693961157640515	0.036071763688820924	0.030114115711737326	0.027297538251326064	0.026151830457197277	0.017242155004946306	0.030612761383246416	0.02842565100991137	0.03713532540007192	0.029194188670497515	0.02604822898316421	0.03120198819910083	0.036806038027210435	0.030872001519451988	0.03426271404454427	0.03464461441112537
NW_023496800.1	6677423	23	0.029433326778306335	0.03176847069628638	0.03174485296270987	0.0335665386936646	0.034678834273642406	0.03328690513309387	0.03140153904341171	0.033015235549458274	0.03240666890800756	0.035531487261594476	0.03388629784768249	0.0364569300148182	0.028439003219673954	0.03212659359968374	0.03697473807435145	0.02995352800051386	0.02770988748883553	0.02429963502372518	0.02462127627126905	0.026614062332399407	0.030166068514262748	0.030629866489466424	0.03189485103311607	0.027076138791169015	0.03455810174157473	0.03496391792898702	0.03458173128763821	0.03051297334494959	0.031219852372305148
NW_023496800.1	6678588	24	0.014310154169376787	0.016176134838142644	0.015927271124607352	0.01571622804728601	0.016387603383674076	0.012578302735056123	0.012743131410349936	0.016028862068053727	0.013536847124769366	0.01821996627932164	0.017156928774352948	0.018060182248880285	0.014951940806529307	0.0166228452435539	0.020748840406155298	0.015403302375878399	0.012691348988427817	0.016258597102470577	0.009712816731597634	0.016119695007954488	0.014822897070945494	0.013842608183332881	0.015623854685523434	0.018217135731168843	0.015586567930957404	0.014983111874010878	0.01695316397388014	0.014558633381196855	0.013412816596495502
NW_023496800.1	6679616	25	0.010601989255518165	0.011180312344444212	0.010690309432267744	0.011500210281756252	0.012172028907776227	0.009995364798109028	0.010717978719421845	0.010006612015301277	0.009859334758354774	0.011218102013181705	0.013052116527431094	0.010972545804729105	0.011381649939816055	0.011233391260454275	0.015306699587326637	0.010063817670566595	0.008713151145159618	0.012017963464278325	0.006103304064538605	0.01135736817497974	0.01003078942592438	0.00974800040320943	0.01110941790118032	0.01232489197100605	0.011869545341037692	0.010848183386519161	0.011510095085118341	0.011163472676080324	0.010622953283229599
NW_023496800.1	6680643	26	0.011006125674911743	0.012283495273583198	0.011727097881127633	0.0126247529189385	0.01392060510953797	0.01302921194534823	0.011304546205445503	0.011172797085541556	0.012157227182409677	0.014590015086303606	0.014312949172540251	0.013703692657065059	0.011533803104597245	0.011257948297477092	0.01769916521445897	0.010704744990906262	0.012436422964086114	0.011374161972224303	0.0100687264635461	0.011860374015841989	0.009977453483285716	0.01118311663189493	0.01154421601516846	0.01315687463977494	0.012951987216737964	0.014077610575967767	0.01435854741758558	0.01227461571139653	0.01079976904974692
NW_023496800.1	6681742	27	0.010136094683258462	0.011602881591388628	0.011370720579591362	0.012447430261218714	0.012444004351845159	0.010882826150488523	0.011270650938448284	0.011478747924916419	0.011755869857157755	0.013766993923495091	0.012890626924555572	0.010821457990684636	0.01258115059105493	0.01103420374584684	0.014981575254811806	0.010149356609335183	0.010192268483412977	0.010892701333705752	0.00995399647933863	0.011934832916142927	0.010248866457418895	0.01098095376839775	0.012001319217681064	0.012557209715497042	0.01313800013844337	0.013283000677535047	0.012920921648435679	0.010986333194339887	0.010730753757631516
NW_023496800.1	6682857	28	0.010859491792151907	0.013387586568905542	0.013426708426821943	0.014761310468661906	0.015659099501474386	0.012737742781012357	0.013419029928678576	0.013940046492492185	0.012971100510336595	0.014880097988948493	0.015100677605648302	0.014622168533447657	0.01361190818166987	0.012954181578225445	0.016684649913790216	0.01253219881227052	0.011690725535394025	0.011856344621191093	0.012068586611357922	0.01301656857397719	0.012447614097987132	0.013541573391972424	0.01257701611979611	0.015046657413331123	0.014365897028343528	0.0134068657683461	0.01576856383963721	0.014076334124114655	0.013522978727181476
NW_023496800.1	6684004	29	0.01686785387974503	0.02274285881915712	0.023295457740873948	0.023470670980598077	0.01990409060898111	0.02273036505691242	0.021561765837600822	0.02227954376150902	0.02493429430606603	0.024282203565709357	0.022547113748377715	0.025189172893924697	0.021150986879880956	0.021864968749945264	0.028947396964946276	0.023346973832671054	0.018003212726633244	0.022185720697490485	0.020681901565559355	0.021120359408651396	0.01860020976480745	0.023331888465158226	0.02253732124997086	0.023744045000666087	0.02213427611126503	0.02555380814718398	0.022790207949777316	0.02348957738918303	0.022196643761517046
NW_023496800.1	6685234	30	0.008916443179087085	0.011461915580280622	0.012455429736718603	0.015083074425651844	0.013306653419896378	0.012018834915282758	0.012701433346811265	0.012613011794213778	0.013365139838511403	0.014195694252323098	0.014345987305699042	0.01341285349878814	0.01122631741540036	0.012713347706161534	0.018627664790026418	0.011171219335243072	0.012269650452022664	0.012191415642719628	0.014356864018109046	0.012819028537145014	0.01169544294782149	0.013554033373936701	0.01450040538928268	0.013803905571283822	0.012831173780891497	0.013062410538285925	0.014370266945257266	0.013470352563955892	0.011825836324088158
NW_023496800.1	6686341	31	0.009103021686095395	0.010948962636395934	0.011327598219320216	0.013631239760766928	0.013060477069205484	0.010979271174644428	0.0106301836017571	0.011495597679018746	0.011387546089289356	0.014468703230474774	0.013716310008059724	0.013101607814256677	0.010983144779169262	0.012985463886880625	0.01610766330248312	0.012164564451529624	0.01060351765071455	0.011474025146023099	0.010757419072058743	0.01160915130214011	0.010813676854178788	0.012030143916226732	0.01417969586109852	0.012377448530965555	0.011666883789235876	0.01336161438869439	0.013354240158528237	0.01227360913730993	0.011118133632194051
NW_023496800.1	6687561	32	0.017096659602482463	0.021228744103248497	0.02058825414040952	0.020982880195318607	0.02121521029608031	0.018098321315117804	0.01925206588582325	0.020046615595598085	0.020356905297654646	0.02262361090448673	0.023540555379637604	0.020726173548983092	0.021111818190974862	0.020559800379678268	0.025270773060126785	0.02120041500151758	0.019126817869790865	0.020145652895643875	0.02065078332051675	0.021363493010022144	0.017566827812051603	0.018927287210631107	0.020127547744727775	0.022552770150964983	0.020749329955860464	0.021524177952231355	0.022657339916629316	0.019876038451031485	0.01744865095286228
NW_023496800.1	6689201	33	0.015313776191889004	0.018868516964602663	0.01775861704577493	0.018070642830808534	0.02016039673702796	0.017702865681469355	0.018633430620750294	0.017589534723824636	0.01930197215913959	0.01835952409677693	0.019592777624461263	0.017758216588729753	0.017270974981823017	0.017080740734815768	0.02240430887433926	0.016316613834867762	0.015624184559293172	0.01633263648310383	0.013362854018067442	0.0177634696849235	0.015953740668144558	0.019447859180316898	0.018411910679395075	0.018004923964633514	0.018507710390189204	0.019220695480885244	0.018254895580591658	0.018974954827542728	0.01917397362522221
NW_023496800.1	6690422	34	0.013819534333484559	0.024678298729109805	0.024965045045935136	0.02890561078753651	0.03144880278704704	0.022806472442875637	0.025917579610187102	0.02494603822826362	0.024066724210834573	0.03222299708218181	0.028982540679982398	0.0270814581916726	0.025406713071461917	0.026292751836025727	0.03619199781858404	0.022557380909385312	0.018491429928671088	0.026012258851818133	0.013414352469050268	0.025887656847374468	0.025081794377449562	0.024989594990934217	0.030461665899487553	0.024932190558756454	0.028376140073271633	0.025522274349845553	0.030313026260420303	0.025741980835182962	0.025122343402038182
NW_023496800.1	6691591	35	0.015580072395625187	0.014044365564976222	0.015145489636235281	0.022625840159566615	0.023833733965502906	0.021565626630957582	0.01806521395899543	0.018589086641048927	0.017425473367945473	0.02641270400352872	0.024277706345084124	0.01845439679496963	0.012037621684018422	0.02058620457883772	0.03402704895640172	0.021949681241595003	0.010196813373701272	0.00996905120120475	0.010355438046758031	0.011238747132509073	0.01706165260469253	0.019885243270184833	0.016978517516009786	0.01157566854793035	0.024209740986253673	0.017136696908127434	0.02222859869143437	0.01780951330132476	0.02164236208581354
NW_023496800.1	6692676	36	0.010951853203364495	0.012383782308332524	0.012346952579710337	0.01242581833694564	0.013472018413677038	0.01098435252915085	0.012599953865512612	0.0136899092017117	0.013839291619273001	0.014862012593189183	0.014647237891148742	0.014157498653975238	0.013708628780292303	0.013913473884441589	0.018826538440599568	0.014074355525160846	0.01229423362702015	0.012590909827200366	0.008154561432680748	0.0146351698508758	0.013973580289938366	0.013161675215262543	0.014988936213632805	0.013929127656803349	0.014224031623246399	0.01527170662525645	0.01492397301465912	0.014058733029610998	0.013214617888672684
NW_023496800.1	6693833	37	0.011832864573963292	0.013496097851285391	0.013665627600547863	0.016502175792689477	0.0174777083258419	0.012480750063656294	0.011177741080282697	0.013924733426768568	0.013153374616470058	0.019387871025321215	0.0188154289472199	0.016807736923332733	0.015475739754357244	0.01712992951788085	0.02304858985731321	0.016615394947855334	0.014801914173166906	0.01445161665647622	0.01144088516143374	0.015456596946264372	0.01361345978715335	0.013111370639100672	0.016512897101948944	0.0174645611180151	0.019226872896705445	0.014870573675123672	0.01786597381524515	0.012761064234679265	0.0130186376646713
NW_023496800.1	6695141	38	0.02014439974843983	0.02519959867093933	0.023707769858299532	0.029796001723024067	0.02960891062254365	0.024413583990454645	0.023425994528699236	0.025296440955027266	0.025150472216357512	0.02943248814424612	0.029634733699604805	0.028828876280699783	0.02344724031524648	0.02447305824952571	0.03401008020568563	0.02546050277629479	0.01871021871429496	0.021667844582674622	0.014468362397390012	0.02210003024606306	0.019535332500031234	0.024975297362818664	0.02336297582651316	0.025675233744681124	0.02933548918416294	0.024544316485090763	0.028521369270421097	0.02494199925028045	0.02551385617813821
NW_023496800.1	6696379	39	0.009577340178681391	0.007093647850749258	0.006727147787552657	0.00783924743544335	0.008913690523449232	0.005565570362731594	0.006947451097851163	0.0076725808391925636	0.007551048442730013	0.00909162527439282	0.0064299331284113324	0.00760608379832655	0.009127714024769477	0.006147181433527441	0.01641605318769509	0.007113666827792889	0.005236880898740315	0.009558504626769167	0.006635294005975853	0.011086737080804078	0.0069082448824744885	0.007854049564613176	0.006565759728199964	0.01162512981236161	0.009934004581456006	0.007616569385747778	0.007945712436422682	0.00809466699943124	0.005855183736499913
NW_023496800.1	6697387	40	0.013898579392868551	0.018326674914665546	0.018776036504964726	0.019000606746159082	0.020210784091730577	0.017868453488179503	0.019081548269789687	0.01831725006458274	0.01850550398748397	0.021241936358923755	0.017061167700918492	0.018967114971376556	0.016620114858109842	0.01755874868959842	0.023944443383516388	0.016395508547783457	0.016215841971635538	0.015304976208201823	0.008528243045048421	0.014444240459912812	0.015584081173501133	0.018584859192166105	0.017129083095964746	0.0161314003493439	0.020446280067578183	0.01887429384508153	0.019721108565032165	0.018508113471592032	0.019820797825750438
NW_023496800.1	6699005	41	0.014945494699477445	0.01637762950713308	0.01505931292403091	0.016319320554968278	0.01741377066707093	0.015649540743140417	0.014359895201333118	0.01603612061473272	0.01564165882735698	0.018236391552542957	0.016638710825841157	0.0163974681888716	0.017365264365118732	0.018066434852767627	0.025281453537017416	0.014258003394257306	0.014451166572631464	0.017216639998586147	0.007838322703820145	0.017747769370598288	0.01523755956427358	0.014268488629471273	0.016136870987153582	0.019198110304417402	0.016074038695653797	0.01588513801278399	0.016734562697456237	0.014741695848597075	0.01524780252064274
NW_023496800.1	6700257	42	0.013532582579979167	0.01472055128282314	0.013985698317175546	0.012776947564572894	0.012808804943321669	0.014241988633077275	0.013686561528652531	0.014314416712743498	0.014481140003756839	0.015114264015124041	0.013383945260511666	0.014240622012485167	0.010648995088584173	0.01169372276780425	0.018874798316372725	0.011660346044979016	0.01025206190723444	0.010515725757649202	0.008755300848366565	0.010285066471638123	0.010102343784166325	0.014782458830956868	0.01238048232913149	0.010414734522491663	0.012462213916679041	0.016485685911837963	0.014124439188129745	0.013126016385452572	0.01405252425455659
NW_023496800.1	6701262	43	0.020947865778728997	0.02135722979789075	0.022166494057952502	0.019362631295249143	0.01911446329799039	0.020356939775338846	0.02307393168476749	0.02224889180903984	0.021220923495875257	0.01975881950706831	0.019000132246332187	0.02332318217945313	0.018780403031182086	0.018823678820458906	0.02705133256109272	0.018513254069372445	0.015114283219782995	0.017968810166785254	0.01599433018757677	0.020320534515787015	0.015608238799175667	0.023504660578308446	0.017885908394981654	0.018132271486658726	0.02050629997440787	0.02284887023808391	0.019861300568269576	0.023617339571646353	0.02276722922232203
NW_023496800.1	6702612	44	0.012476722764847497	0.0109638549528551	0.011752984179008417	0.013264747137692861	0.014043558083088208	0.01146831017645556	0.01162743509068966	0.011614915346738815	0.012687254450508714	0.014812874315941155	0.014784500424417417	0.013232284544272976	0.010706682300521539	0.013727366713854524	0.024986689877266904	0.013737454369934168	0.007071094480185572	0.01146367859628754	0.012336186631932715	0.010656591683759273	0.011152862580123355	0.013271931596131135	0.00970779587747297	0.01375048349883822	0.014483132913242026	0.014239241074907713	0.014175048461429222	0.012460129183192826	0.012132657540874708
NW_023496800.1	6703634	45	0.005942562787614473	0.010256139981667581	0.009300712768208168	0.011887939521635495	0.012703664141341844	0.0077588909176978	0.007805599077513348	0.013240340616130084	0.010088312275642688	0.015460078708827554	0.014240067664461231	0.013985788933935874	0.010173657233494464	0.01038421351954622	0.011971017060586677	0.008955077432001447	0.008245101306342517	0.009844122796662394	0.012268029667955802	0.010305196968981294	0.010336679985901534	0.008647717980876794	0.010763317164471195	0.01225679385634073	0.011670563652988894	0.013003327497403738	0.011798102919214458	0.00867688111155221	0.007961725970097014
NW_023496800.1	6704655	46	0.01184326616800545	0.012557054074118886	0.013243454192789422	0.016404358436616983	0.018422812268664625	0.015937633398077338	0.013601709390129509	0.016288571486065915	0.01517869431338706	0.019520737656698595	0.015945476609040613	0.017641259705921165	0.012956746258899607	0.015683173878099543	0.022416707817716198	0.016556191423402613	0.011446300829179348	0.011525089335973066	0.013917578269462673	0.013287659125544924	0.010700394289459207	0.014532591280477453	0.014569474004321802	0.014885944400996871	0.01702863256216392	0.012502006864019222	0.017443459403192033	0.015946383302112718	0.01623573586346971
NW_023496800.1	6706231	47	0.013704935046376926	0.01602908323303819	0.01625610366005839	0.019150761827121554	0.020616414261511118	0.018337166058224975	0.016034011010416755	0.01611627092423272	0.01720180605127148	0.019904862264500462	0.01924960626212119	0.018351042068921245	0.016596657282992748	0.017538334998654582	0.01899373046005153	0.01689169296994985	0.014331906685510116	0.015973947636436114	0.012304027887423238	0.01612675949630036	0.014973827378155875	0.016861491514164516	0.01905177692290248	0.016685691971992492	0.01904094542794413	0.015695664435387103	0.018272662155023274	0.017747655972234946	0.01805145945792934
NW_023496800.1	6707858	48	0.015644744800315337	0.017308170436739313	0.017140147251940838	0.01881182093824542	0.018865387732239097	0.01588001164093373	0.01520741774913427	0.016480074301352128	0.016342063027188818	0.018398970405600377	0.01780324833717382	0.01881778349269082	0.017922749378528377	0.01848944144913059	0.01979079119619436	0.01644959289082707	0.016467422221987285	0.018071932735245804	0.01184253520307405	0.017908139200098	0.016529147160015002	0.01591273757969534	0.018300628711671568	0.01974069944120333	0.01879380965579343	0.017149811699412803	0.018057972538283854	0.016063125850195807	0.01539623476281799
NW_023496800.1	6708895	49	0.011059627258019294	0.017710411342257423	0.01754486049571059	0.018098959702835246	0.01896263793711787	0.01619580223883973	0.01687957082987708	0.018252838103208838	0.01898836456256745	0.017727849962586306	0.01634524500960236	0.017515325131243688	0.01788839591891052	0.017377460611721206	0.01709108628190071	0.016892252309559864	0.013692520408365922	0.018383578150331144	0.012987378662395957	0.01766612764536095	0.016457457756870502	0.01883830519082606	0.01876041511640253	0.01939233930799794	0.01652359146297656	0.018908286266462838	0.01821627593594734	0.01992849223862059	0.018421668956751014
NW_023496800.1	6710847	50	0.021900147080352192	0.01959299892582999	0.020642153950092976	0.019624824728965016	0.021014335633923242	0.01952482110613958	0.019607339710389953	0.02024122748619434	0.020888653867197654	0.019461655828675675	0.020806319509061873	0.020262565851798732	0.01800836564423372	0.01495830580457383	0.02416628687684315	0.01615387862884108	0.016175890026891827	0.017035767926733867	0.015057503022202903	0.01692104085601599	0.01895380785266465	0.01798609626051471	0.015696841821509388	0.020045655967738368	0.019960028610196644	0.01839673551509822	0.021514085959587436	0.019154611600519348	0.019872287169751535
NW_023496800.1	6712142	51	0.014595638396782469	0.014162542273742435	0.016854498686142663	0.017168737160010977	0.016535052730409713	0.016456843694046746	0.017126985192502914	0.014939255681190174	0.015763267110653206	0.017173783906449563	0.016906644622502038	0.017715414709530444	0.012510473445625852	0.011890214973349108	0.01952409520080152	0.012708937084230773	0.010271507454508944	0.012140580821341309	0.009129893550631535	0.011189705695349855	0.012487896053270331	0.016705991377022625	0.014315154925576794	0.012713448310901217	0.016839590105559483	0.016198228427882364	0.018734085536579646	0.01628937293164649	0.01617850324922079
NW_023496800.1	6713535	52	0.02152352698200055	0.026279742339979845	0.027147641794266708	0.028214041769967103	0.026813286894394144	0.025336397616723055	0.02462520402681225	0.0267690253316694	0.025244940581084608	0.03036399514793256	0.028300652887960128	0.028749319668858853	0.027691606075854767	0.029231065585115925	0.03333813972842681	0.029547668329922568	0.019654375729941206	0.026073544523267052	0.02378015240570987	0.025386771207152825	0.025236518807579038	0.02389752039282315	0.028678527219518503	0.02896967972969307	0.02892193560194392	0.02569042285950378	0.02803053135723643	0.025427779213341644	0.023254162628134345
NW_023496800.1	6714835	53	0.012213612925376854	0.015303741433729267	0.012888425060538394	0.016754428360682475	0.014210979357782538	0.013804645768692322	0.011606291389346273	0.011811118959637967	0.013730519216720076	0.017584998415735752	0.016802438072389007	0.017883751092374393	0.014252012669803825	0.018675474532785556	0.017277101062691085	0.01918389848967733	0.013668259020931101	0.01322776774195517	0.015951775352090882	0.016423441533071292	0.017464227659678897	0.014459250752781254	0.02206232530658359	0.015444489934694817	0.016936909449981427	0.01445994199375359	0.017521892413305547	0.015073044595166974	0.014465941216469814
NW_023496800.1	6716068	54	0.021158545738094513	0.027018750243343284	0.027417322933436863	0.029194948240959702	0.028026077922590965	0.028570286920748977	0.025980137006517107	0.02639115092015905	0.0282605267464429	0.029305736602188666	0.028319409359754855	0.03261463654233858	0.024079575289994517	0.02455520271731701	0.03408097385363969	0.025482569710918022	0.021320912019481972	0.02057132486989109	0.01894544318108265	0.02191221006627762	0.021090057726203506	0.029693565830849804	0.025430288113533317	0.023606464815891064	0.031491128480965185	0.02749426441243543	0.030830705803758306	0.028925137893765114	0.030318133925104563
NW_023496800.1	6717759	55	0.012451144052366749	0.01577764591569882	0.015512078775006728	0.0179709599405696	0.015948875648491203	0.01850253080426648	0.016741931739603956	0.016407043857877987	0.015951604819757048	0.017237156348282264	0.016268909789195374	0.014979202816667597	0.0123423425121466	0.014630554551632763	0.019627777982476616	0.015485210765820032	0.014200278933627433	0.010916683819330997	0.01073686522543729	0.01276676814958419	0.012702859455764255	0.01764295967633064	0.014850019875582763	0.01472136904155743	0.015578086801050158	0.015627842394778046	0.015804264241772403	0.016033611516348675	0.017166812713233164
NW_023496800.1	6721685	56	0.009930720980026285	0.01083822878952793	0.011449663443089786	0.012403865639640532	0.011452380641517816	0.011263690090830643	0.011227301752995448	0.010516678722718753	0.010086142607118183	0.01165089001851922	0.010959447712328851	0.011912990954844013	0.010870524515868117	0.010555949677869762	0.012232377832274313	0.011099205971775215	0.01107076974080121	0.011073239813873766	0.009601869954819821	0.01105823330080194	0.010224272783591504	0.010934039092898735	0.012174208901509482	0.012161565401141636	0.010935795421351396	0.01187175224737103	0.010998284344626191	0.011015241336306497	0.011479589926555242
NW_023496800.1	6722738	57	0.014569827632693993	0.018624304272286316	0.019206812733389724	0.020703305841281754	0.022613971718480973	0.020061228931599777	0.01844316821706939	0.01888725828014203	0.016578049554059417	0.024111945971243325	0.02240233404875759	0.01985130544583127	0.018172275071762375	0.02210030089855458	0.027574612150070135	0.021271081230520156	0.021643743839469074	0.017721030179237797	0.015379794115782497	0.01984983297295924	0.018456618129036203	0.019418779122039227	0.02290721082059567	0.019466120572868662	0.020632639670034224	0.020331908304423135	0.021824831327746107	0.017790144759335567	0.01935871941604023
NW_023496800.1	6724197	58	0.02605863197673654	0.03505717337948216	0.03314458074760997	0.03298255165101299	0.03221358641645518	0.0335635504758646	0.03181854641445454	0.033925317469404095	0.031966026123543954	0.03305598459760128	0.03692703818190751	0.03600289816190583	0.03446847519969347	0.03429116683920659	0.0384918072434224	0.03270444087893242	0.030282360879789257	0.034166753905943516	0.0197615579529931	0.03725928829562152	0.03490574698544912	0.03160929469733246	0.034785153567201015	0.0352992767302623	0.03534415618972041	0.03326223719047261	0.03394492490742117	0.03277441580709512	0.0326134321769116
NW_023496800.1	6725253	59	0.025875302137859678	0.0342286722202965	0.03487445652239617	0.0366910588222479	0.036848311333534785	0.035453622974865116	0.03429737688508145	0.03377084383457919	0.03470819723506013	0.03348847661516808	0.03507862168221311	0.036144217375687814	0.030968114207536052	0.03262222811010156	0.039423812045791956	0.03032045858186754	0.0222418259069973	0.029261582113629597	0.022756201195959544	0.03253137664733666	0.030548791784257685	0.0341477182408965	0.0353766001603281	0.03080153903854909	0.03639643790120294	0.03439177592636364	0.03457352310394882	0.03343877796269953	0.03504869739636465
NW_023496800.1	6726552	60	0.01610302827988649	0.017145660951811102	0.01656633160477881	0.01751646070312501	0.01957896754030897	0.018059472376389142	0.017101690727092993	0.017430830991499908	0.01616741570118193	0.018271908211513466	0.0191981073843902	0.018544342317747754	0.01650207848189411	0.015117818943440917	0.02060383127401897	0.016974126415475972	0.012658489384556855	0.015039607358387977	0.013778612195353182	0.01549466212648926	0.011124835035832874	0.016687037407754273	0.01882323339576225	0.01610754966055457	0.01899658662073223	0.01921703358795079	0.01842375520854067	0.017168220544340543	0.017180236474022004
NW_023496800.1	6728398	61	0.02346366559915454	0.02841011154477283	0.028801920227785785	0.02882670716928843	0.02799029935122358	0.026200385677428963	0.026905513134019756	0.027934036666590768	0.026813911192245896	0.03100110037712447	0.026633017033645952	0.027384111027319944	0.028208128548252765	0.02950215535950835	0.031113548219515442	0.027683735799367202	0.02490860307475695	0.02848573835273871	0.022949501286637447	0.029535633972497803	0.02835097619780186	0.02640451108852401	0.02968297793432009	0.03004964179293532	0.027292383003887158	0.028801970156184957	0.02813867925012667	0.026357723318022462	0.02722080688766924
NW_023496800.1	6730059	62	0.00373943176808318	0.004512622822857378	0.004280725021272764	0.006916801455539746	0.006734098794187462	0.0035372176654456374	0.0037113686447434653	0.003980019536126212	0.0043908336051865565	0.0063785067227070755	0.005565191833269311	0.005629255314125582	0.00571932932088693	0.004378666228991678	0.006656545152848067	0.003209126225039994	0.0048026746317135745	0.0058244865556929485	0.0032728992540573534	0.006069217406434398	0.0044534968499169115	0.004037326792322284	0.006502804965176148	0.005684142199825383	0.005033642156952559	0.0050039602576458	0.006290476995994154	0.003962743450270771	0.004449743387278433
NW_023496800.1	6731412	63	0.013532145992413213	0.016141910963525963	0.016409424254301936	0.01574520853078497	0.015562100821890225	0.015428292567198097	0.015573178241389816	0.015812930988234362	0.015889891531485647	0.017032377668694393	0.018067444076419633	0.016316339024014352	0.015654886922315047	0.01630998030015198	0.019136229955539163	0.01464538477001162	0.014771199539948071	0.014593619148954618	0.012165387384472036	0.01665273932581926	0.015586552282365567	0.016052029011791702	0.01656719046734459	0.01603711564241117	0.017083086878370797	0.01601948120717927	0.01702864563252564	0.01598472097569831	0.014713481567333027
NW_023496800.1	6732546	64	0.004265016119995825	0.005452376366681114	0.004959096822305527	0.004802444200908785	0.004529162047740647	0.0040861994543734586	0.004391177901710896	0.003630171462113115	0.0048884155156813285	0.005859178741170738	0.005104729687898373	0.004726565795951742	0.004630028527575788	0.004622801086011036	0.0062722491552509255	0.00479749591139363	0.0043962967366916956	0.0038211589342959933	0.004303814811189711	0.004695641042050522	0.003397591448828978	0.005032331368529364	0.0066413324204731205	0.005318539281978954	0.0055159899547472776	0.005306761707748105	0.005483778096080344	0.0048692137519153215	0.005059312381150877
NW_023496800.1	6733768	65	0.005312578363738243	0.006663490827264104	0.006689491648707286	0.008233853912740001	0.007653738174216535	0.005898351492863909	0.00593010002748619	0.006870488967778101	0.007987800349095178	0.007686063686675362	0.0068476946711748575	0.00831394382928201	0.006036010823114882	0.005170383581180035	0.00929815169992227	0.004381576790364528	0.0045615207408017	0.005245810187787039	0.0031109847060224426	0.0066467592055699035	0.005916981107919502	0.005261667511263358	0.007303895699661222	0.006963928767437177	0.007877770225922289	0.006417596162733731	0.007553088513211022	0.0064389231129979374	0.006637610955936186
NW_023496800.1	6734958	66	0.016407480598541545	0.024917217376295413	0.023887661596933604	0.025235117813059035	0.02430433434632812	0.02266447052615849	0.023289473555452075	0.02287208692905768	0.02381625741914467	0.024924954707145775	0.02504962334639081	0.022998866509083282	0.024022517689702528	0.024687925512082782	0.028416046684453307	0.02456651536109416	0.018400312162361595	0.021337485598842267	0.016102394619847946	0.02390179467701407	0.022989875015584988	0.023283096958530772	0.025456116847405754	0.02226183696675732	0.025017360022562947	0.024445942490745394	0.025018348779648182	0.025337739099095574	0.023211587925822827
NW_023496800.1	6736002	67	0.01902184918667557	0.02434805263549212	0.025336400353841226	0.02794339707923085	0.02695493368159014	0.024832257764524475	0.025105178094132673	0.024628399311061887	0.026341598136284092	0.028150002115632795	0.028800127600761907	0.028205094086253758	0.02365073498744032	0.025113331618891666	0.030114609304249352	0.024728435505975064	0.017009190524992408	0.0227998620555986	0.016277846653069427	0.022328466690441088	0.021723971014134345	0.026017926891716378	0.02492653263713636	0.02551245233046191	0.02804250026679318	0.02677639676473707	0.028765457290689234	0.026517049865886193	0.025189079490464245
NW_023496800.1	6737722	68	0.026582706679767854	0.029687526943893063	0.02909125188171107	0.02878570570737351	0.027055460460906185	0.02971565821515795	0.027702699969693045	0.029687086079003465	0.030378904899661312	0.030737590652146214	0.027786519277763214	0.02837928700728257	0.029352690189865974	0.02943242825266117	0.03163748021030673	0.02841873968892843	0.02506893779513909	0.029973989662610608	0.021236209878008724	0.03081023537668844	0.028472126834007204	0.028687437238661486	0.0308023484979955	0.03237823013378689	0.029044585642864624	0.03050196296146589	0.02930401258125503	0.028201865381539314	0.030942636648772746
NW_023496800.1	6739108	69	0.019730141811760495	0.019300205955658907	0.020948729591473876	0.028821752800913383	0.025363753127684668	0.019712949546405765	0.018777386428439638	0.020471126509017078	0.0201212686227065	0.030411962282949363	0.025517557786607876	0.02733771291808711	0.021702870018482964	0.022536383198738037	0.028817441397773445	0.022525762897967025	0.01570134922273214	0.023252101787166152	0.015472415738748937	0.022359014219123927	0.018700404293097467	0.018917059896201894	0.021272587034172993	0.0216418194723234	0.02647799689561009	0.020407761948032052	0.026908399459117525	0.020160139014219987	0.019808962295567355
NW_023496800.1	6740441	70	0.01677390365696714	0.02025320635178969	0.02138878407656413	0.024111706404940755	0.023641306491969133	0.01681867927092725	0.020815572792156786	0.020827542567079808	0.01887067721229882	0.025603482586435432	0.023155871292636545	0.023280395214189332	0.019617256329878225	0.020385266060674864	0.023885114739631248	0.021191292240270464	0.017845912923435132	0.019826582603702226	0.018618042936434664	0.020427815412933214	0.01841042631853579	0.02071754093896996	0.021097462755502738	0.022162590742728347	0.023720163959864156	0.020679364874978224	0.024626948383785232	0.019362944132739788	0.018234052301968087
NW_023496800.1	6741923	71	0.012039360839494731	0.015879318203714982	0.015639355763052264	0.017453775088895587	0.019189427273301227	0.012604463178299583	0.01465286390107166	0.014547201555602001	0.01434375641378234	0.019268549500214508	0.01905504723671529	0.01817025023269178	0.01601175748455715	0.017014127721699322	0.018993793505684337	0.017219090883948594	0.016910694037464993	0.014225767915852994	0.01845719039792035	0.014184796125940776	0.015249643860393928	0.014484894825233748	0.020002342567355627	0.01694782955214712	0.017521207849550198	0.01668558910470157	0.020009020636769813	0.015255377821295182	0.013950362656261558
NW_023496800.1	6743705	72	0.03244489022833128	0.03081432550585562	0.031038522685566942	0.03419736846395091	0.030113064389970638	0.02805358468584099	0.029571850510184457	0.030335416746214084	0.028529049795745953	0.03170824887841485	0.03345774741356249	0.03418911396409422	0.03172867649065267	0.03203014084672168	0.03926423811690839	0.03250895597017067	0.02637506993097101	0.031459485805732094	0.022218936562282507	0.034570478649548576	0.030783932535826928	0.026530275545812512	0.03690649200858462	0.03354149369215733	0.03227720072770032	0.0344072282789275	0.033645865607796886	0.02918006819911102	0.028274488123631925
NW_023496800.1	6745313	73	0.02941652354670006	0.028068225352628706	0.028893590085983568	0.03199812302846779	0.03231802657437416	0.027518347599478913	0.028802233423464257	0.02797657793731234	0.02582831940923454	0.03317757740626699	0.029518371300846648	0.0314330723758852	0.03153490713914868	0.030462055970097265	0.040464955412177435	0.03013059982433715	0.022361353812720607	0.030131779163148922	0.021071562456200624	0.0316973977803693	0.028187359132927043	0.027034928595999014	0.029674103573299197	0.03063611613466984	0.030593007523348384	0.03157552564581834	0.031404651002055625	0.02722477772873991	0.027594542092674982
NW_023496800.1	6746469	74	0.016029002026088743	0.018275176055705698	0.017522157482859776	0.01974142742738065	0.016554944149314396	0.016848698130490437	0.018047329906633117	0.017968858627854536	0.01553561223760612	0.01813704711645638	0.01686189001403606	0.0172887461077198	0.018541099012793254	0.017390285642534916	0.01932852749194424	0.01773031346357963	0.01678621952248607	0.01803786640654208	0.01599061601802366	0.017430392835796095	0.015603254443862838	0.015927093408094225	0.017827306141638723	0.017528617251645097	0.01809886819959309	0.018236310063135773	0.016967596491888753	0.01596468570028831	0.016992983088262022
NW_023496800.1	6747558	75	0.013266466782254344	0.015533216415406247	0.0169773144962557	0.015308646251086853	0.014958710318730284	0.016648846696475483	0.01669447083465442	0.015502758372945404	0.01611352525140622	0.01609705967366634	0.016333557201486527	0.014145141985554544	0.011683831211536275	0.01227481454889341	0.019785940597054165	0.013068538234592053	0.010016047931157382	0.011814381885893887	0.007053868464645806	0.011651681258144739	0.009974171690123204	0.017468350302417297	0.014130192648933216	0.012164040838002606	0.015173234848433899	0.015736831486655327	0.01603512233135389	0.017807364723445986	0.017187150192065223
NW_023496800.1	6748582	76	0.012589239942658223	0.012783282857899302	0.012664310578185173	0.013747267390867799	0.011748031204124921	0.01325301449169098	0.012240004587099068	0.01336259322075004	0.01311989338357959	0.013701485639526419	0.012260903847762067	0.011812069953641135	0.012425425485614781	0.011020164952297734	0.014684373998184954	0.009197175065380387	0.008657022197236137	0.01330253853305059	0.007927668194400194	0.013498185717597566	0.012084882687395307	0.012932436248166396	0.01290287500235962	0.014032832188340762	0.012976511624448807	0.01503343789875491	0.013263748721433205	0.013641126698797357	0.012413398535576574
NW_023496800.1	6751605	77	0.010082944773842192	0.013985228012027688	0.01229469625714966	0.012189614527088829	0.01247966071107587	0.011240445151793732	0.010635366361907686	0.012179150744377308	0.011434972225271383	0.013228259692015475	0.012730732252081486	0.014388563225949957	0.012373800072125692	0.012609762746309247	0.015881808086735536	0.01188348217697737	0.009360643178772379	0.012292538752931096	0.007549695209590252	0.011834353841118327	0.010482997279025344	0.011348670869222706	0.014299265999064954	0.0120504737476043	0.01292391501629119	0.012829514380514022	0.013217140062003271	0.011394589062824746	0.011006726748641095
NW_023496800.1	6752703	78	0.010492721604012234	0.011210267027840386	0.011063442926329499	0.012961246235319638	0.013288028153695591	0.010826490013441723	0.010138416821464404	0.011195519665875573	0.011262396930279105	0.012083120607746568	0.012141597823991029	0.010970782382717497	0.012038820631435576	0.012339786278008422	0.01287853343411788	0.010714575565648431	0.008982507463285067	0.011036013638686604	0.007205365063324	0.012145752124529667	0.012283421164153758	0.00932926741823096	0.011936119813238012	0.01167534036368591	0.012409787558136046	0.0128232286962556	0.012768050103456269	0.01006471307178354	0.01091362304582698
NW_023496800.1	6753725	79	0.01913990640479532	0.020043055582961013	0.020097179474196352	0.01869967483872131	0.018361395451661676	0.019478003395671847	0.018240952522151983	0.0187738424506051	0.020390994114592824	0.021454553095984565	0.02036271299598235	0.022021135161832458	0.015422321975558697	0.017903135066758603	0.021592772762937803	0.018291495099590372	0.014995410198478042	0.01614764162956251	0.014838673762765405	0.01591721771740649	0.014658398590433247	0.018648506159529146	0.01873188501654329	0.01774989898026487	0.019916407818814385	0.018843025667453498	0.02037511169297035	0.018551402957168346	0.01848893405160463
NW_023496800.1	6755767	80	0.013768835483850899	0.0173121747637127	0.016447214821437534	0.01694251531100993	0.01697344800749287	0.01613584581900004	0.016577375236870556	0.01700190341924523	0.015060289975596986	0.01895766553852607	0.016109256313729156	0.017014179688977386	0.019800108176134215	0.017155789551090466	0.018351303844818406	0.017046913230435314	0.014066251382306999	0.01722236804444719	0.014782759233184645	0.016944607656856684	0.01462904114301708	0.015628274117246075	0.018553069224046568	0.019142342543862493	0.015042668822230234	0.016814075093844902	0.015357663777525801	0.01599318861381762	0.014708761190018252
NW_023496800.1	6756908	81	0.014099955934640562	0.01735387634680361	0.017659126136525313	0.017571275927341402	0.01916595352656417	0.014629079837221785	0.017915748622077725	0.0174791791527567	0.01709528836514693	0.019402361865340667	0.017471831584777928	0.019854474493482054	0.017637113276917908	0.017005922272155756	0.020062492169290874	0.016554002631721812	0.014205927145820894	0.016459489513268068	0.015124349988112759	0.017738093637186054	0.01558156865247536	0.0172916095115718	0.01781425153321702	0.0168411454415033	0.018568769174850404	0.01905975413395493	0.019087735111861844	0.016440098843724108	0.01687037148569484
NW_023496800.1	6758664	82	0.017527428216949196	0.021675509164620303	0.020627267267233552	0.021610477247225462	0.022274994209833917	0.019684097889954382	0.022390074285440462	0.020136108465657235	0.021552476141805988	0.021979065605078868	0.022207404887678688	0.02200824337215545	0.020710465976016276	0.01891545741045763	0.023895899539788667	0.020776127461624137	0.0172579256379919	0.018611073981170984	0.016108325088419154	0.018996380576212668	0.017282580220917918	0.021042537395481925	0.019782814147149382	0.022117899642945242	0.021868024239680168	0.02306846700256345	0.021935111521024668	0.021802876941699592	0.02063881756345177
NW_023496800.1	6760202	83	0.009411215450080383	0.00953978618887348	0.008518657908972905	0.008962797637206157	0.010107074711589706	0.00823125826939924	0.009586760791611323	0.009385891657275939	0.008744157824391252	0.011132568186443563	0.010295961981956689	0.009640035080155823	0.008584432706082792	0.010241286164279115	0.010360017252628665	0.00981009097187991	0.0062597976272948256	0.008280291226887646	0.007849626373456244	0.009471108235352028	0.008447301094640442	0.00996854341854226	0.0090078731477881	0.008196315376182272	0.008868629889797822	0.010569370591563291	0.010329922859523381	0.009896257534163108	0.008307113612918846
NW_023496800.1	6761236	84	0.0028745430968763375	0.002966449210555929	0.0030168063445634176	0.003025696833917858	0.003136659297006197	0.0025888168600754495	0.003247474339018749	0.0030077604982762457	0.003733417259972087	0.00465446163075874	0.004370414590199709	0.0034679041328076012	0.003517870729837758	0.003118782792322604	0.004141040257210658	0.0024127608166042884	0.0035339954511651173	0.00349522088836383	0.004321921352717015	0.003682938538881388	0.0030699683114659977	0.003421189169310636	0.004645493848429054	0.004181619487798528	0.003341740299593055	0.004003280035496827	0.004422100373425567	0.003502328401638483	0.003243630019406874
NW_023496800.1	6762680	85	0.01685034917620245	0.018278440405829294	0.018600376731965847	0.01927748036184535	0.018369527481689643	0.01768869836428513	0.017694360875730605	0.017623228032470177	0.017078296275208987	0.018691228145217443	0.01714282134665045	0.01877461355135673	0.017270906710318522	0.017251326769172372	0.02373306343144257	0.016687356295678156	0.013951917193622801	0.016432182731901765	0.01367668868231637	0.017044063975744702	0.015560329799288121	0.01715757692148079	0.01828081603325081	0.017021133700662695	0.018159580940631206	0.01849706465448238	0.01876370288488398	0.016815917080445542	0.01618222310476261
NW_023496800.1	6764069	86	0.005437851371244104	0.0056885980513317926	0.005588683582561368	0.00515065506086928	0.00533403906919595	0.004831023260410316	0.004868385552801869	0.005533163768922561	0.005169042558726441	0.006504575559654316	0.004585843618278025	0.005650134684400712	0.005759272427527127	0.005543019521777396	0.006453073565560231	0.005663014822151045	0.0038039799710578542	0.005502194834153848	0.005116926364420274	0.006285357014167336	0.006084538383595886	0.005197313315338923	0.00738979728844884	0.006480615194595346	0.004788734177963807	0.006538847309489548	0.005623886703678117	0.005830910311535243	0.004722071648787458
NW_023496800.1	6765872	87	0.019233220068561176	0.021017985565051227	0.02028255450148903	0.023032771476049065	0.02225163718747312	0.01942729759970852	0.020487923841032343	0.021549282109168736	0.020556232310698544	0.022066625482085267	0.02394470801070271	0.021276864601836157	0.022163009235436702	0.021116086605883197	0.02654779153285333	0.02490058591044777	0.01638181758674052	0.019652767744118834	0.01192885682656543	0.020816478634618395	0.01796942314004056	0.01902457066025924	0.020079353781624464	0.02361876101259854	0.026143120843107846	0.019537228888356076	0.02566863746410686	0.017582512235288367	0.018258971631891108
NW_023496800.1	6767494	88	0.04279750768684173	0.03842078421271952	0.03412640926222954	0.042408862396772794	0.033925820801361625	0.02488507995519729	0.03190613044281769	0.03673673789281979	0.036104260257760014	0.039725868646708566	0.03893717059582476	0.04260373268580842	0.03871038791551402	0.04399186352348471	0.0512010680827961	0.0397240662317965	0.025577397121119515	0.04204236326803835	0.02334207126790785	0.04215003044359261	0.041034544271057176	0.027457799938171035	0.04057095291553581	0.04425803357424963	0.041307808753956565	0.0359455854728973	0.045157171083380354	0.026816293132078076	0.026190283146099058
NW_023496800.1	6769036	89	0.022572896966198634	0.02446873627505077	0.023772434326293983	0.029371771303860254	0.027645159268803135	0.02090860590609621	0.023561141544513924	0.027694383512429463	0.025260224642007098	0.030366037390201845	0.027000583688556623	0.02819077207797841	0.027859672431826018	0.027458168587034284	0.031502201110321454	0.027548663695074117	0.020951241092084866	0.027270669124741777	0.02066371057774304	0.027622521671540796	0.026881151353572042	0.022150117191297287	0.02773707887100075	0.030990933884210096	0.028754776663022945	0.022685856377664168	0.026406840693100363	0.02396480124441	0.020901447546344532
NW_023496800.1	6770126	90	0.0018911671276097641	0.009239245548218386	0.007498251085950939	0.02187363692226236	0.017435155771191202	0.007429941452070011	0.004807572243871892	0.012322745109583928	0.010116959137354229	0.01965406569037991	0.014313732767634252	0.014094275861536202	0.012974714418347702	0.01606336140761514	0.02217807558533896	0.015556531010194977	0.008341882387847907	0.012320197970828535	0.01113654552592826	0.011253602605259625	0.014634213230572091	0.007669292666322257	0.015082347343378833	0.015291430826968305	0.016113544846355087	0.010114328601305959	0.015920981305530622	0.0072260060085716765	0.011273283445437326
NW_023496800.1	6771139	91	0.01009795052408952	0.01122035766341997	0.01103088272911519	0.013822001407840992	0.015027869607286998	0.010764034623991694	0.012068287691476073	0.011381217058007372	0.010379794903255978	0.017493520325644798	0.015091475002463264	0.014360722186739068	0.014686790319983255	0.0133745581834228	0.018304993704646517	0.013990809499775027	0.010200578080512578	0.012066607456306793	0.008538090217178797	0.013297305239251628	0.010977942248391971	0.01185224308972397	0.013989024147862704	0.013507629781480441	0.013904995041695345	0.013855522611962233	0.01575692056636585	0.010845275615921057	0.011089614734199744
NW_023496800.1	6772883	92	0.027720089044770923	0.02731605443208122	0.026411594204855907	0.029322318002986892	0.028515859763013844	0.025688363754539874	0.028706410148419518	0.028393619720337993	0.027589931093003537	0.029734327043754765	0.02736703310599408	0.0289193447982144	0.024409866766144966	0.026807499125450086	0.03298426072579379	0.022003261905049764	0.017461818879944566	0.024105152187165284	0.012558511857068983	0.028181301270867147	0.028336594395425803	0.026885482406743672	0.026149552805268626	0.027219880003308123	0.028380395068166937	0.027218275902847873	0.028441753316400867	0.027205713215173864	0.026382664574043767
NW_023496800.1	6774453	93	0.009474133502201084	0.009566211800357428	0.010732021831061554	0.013916998683986067	0.012282945607958983	0.010711281169600947	0.00976853071136326	0.01070381388182464	0.010082156495712303	0.014793046702592781	0.013229736381421938	0.014206132439630292	0.012965910550793045	0.011608346977091073	0.01609831172814129	0.00975558711487635	0.009619006129107764	0.012310126208570348	0.0055956585973321316	0.013242064575527268	0.01149069502919372	0.009545171869676563	0.012904250923948379	0.01383812194467235	0.013767472523017476	0.013148549317787566	0.014090433940701134	0.009989819659594178	0.010164733302880551
NW_023496800.1	6775636	94	0.023484532395678825	0.027233747470160122	0.02739733504266348	0.022706685083375918	0.024319544944229998	0.021611152069330213	0.027694268727892622	0.028171520004248437	0.027243898560243625	0.023880371085392146	0.023396122725851017	0.02490659924901657	0.02442514873148963	0.027415257080634754	0.02473052067497613	0.026433431212311172	0.0226541306726461	0.02252299632386639	0.020991268260179167	0.023178650423749208	0.024339522621014263	0.026667860708393807	0.024092018856526412	0.027818379805980883	0.023464421501783767	0.029154266270475647	0.022019665340153243	0.026270653063305727	0.025914708256514027
NW_023496800.1	6777096	95	0.018116269521876362	0.021171322096352415	0.019922018162757727	0.01923864993675237	0.020207998107564518	0.017771044691062936	0.017557252228857196	0.021387156953627504	0.020187406990142976	0.021958417595374903	0.018495933939691157	0.021953172331390214	0.023134415250214344	0.021497458245213815	0.024716610435441714	0.01989731144862198	0.018269466945257842	0.024558058874338793	0.01671431966338002	0.02352425968051485	0.02177032498668439	0.019082051985994	0.022161705683536505	0.024253950910844653	0.02064850521328914	0.02001347777105747	0.018512609197101633	0.01941117675517574	0.01775718392041943
NW_023496800.1	6778239	96	0.024689427062270366	0.027830403736205954	0.02920243428397367	0.02833647063873192	0.029286321462058874	0.02721835364685523	0.02906468297795304	0.02837631383909737	0.02705309320820505	0.030287971989831176	0.028063572445518742	0.030999441464776078	0.02995995430371798	0.0290562018471905	0.030624131402221026	0.028342718553433226	0.025380115238830974	0.026380482856973683	0.02208794881911002	0.02683027315169338	0.023195660810366635	0.02980396907173651	0.0259762700616291	0.027628756084165783	0.030955053407315688	0.02742983055137338	0.02831777648590311	0.029584862642088462	0.028101964372679443
NW_023496800.1	6779391	97	0.014979077196651711	0.01974836814526413	0.019114928498140712	0.02395263133599905	0.024285978618059003	0.017584274062077496	0.01854181056117757	0.022315313021563483	0.020612210725092412	0.024094713885465923	0.02413064593445879	0.023760584352416472	0.022982858184639295	0.022927268116176458	0.02506952534862348	0.022263123493766242	0.018003885906755685	0.020779952580718773	0.01866402297609847	0.021351093452419007	0.017959122342462587	0.020827077995159444	0.021921403700342082	0.022735536288008482	0.022248211016720087	0.024764804614041454	0.024092861701245225	0.020609037594940014	0.01793787801306493
NW_023496800.1	6780392	98	0.02042666081510371	0.030764862032896006	0.02821137274588676	0.033245270452830405	0.03655258787696761	0.023587984927777757	0.022039959980699634	0.030253798900902323	0.028645877558509926	0.035535831608711765	0.0351481586458405	0.033106898775302145	0.029773247647744784	0.03043749100532665	0.036906874571706536	0.029885716647923336	0.028092953124832898	0.0304386301131539	0.0265206998521704	0.0309072236121243	0.02865901275038087	0.024661307518450463	0.0341920401508838	0.03354668914805099	0.03457562663821723	0.0261710700369833	0.03439542987107786	0.02780171357496593	0.023833799465023554
NW_023496800.1	6781631	99	0.02286699178588926	0.026727214569392612	0.028604955999535588	0.027109064065798022	0.03200003209539099	0.03029545598334605	0.02579741920924205	0.02889403197916772	0.025933194330488952	0.031334207913972165	0.024144478519632778	0.030210290050177762	0.028123134272589122	0.0236785795118489	0.032128411341109664	0.0241288122113961	0.02568369005509615	0.02613708128682287	0.008951003371537985	0.02826056810882416	0.02514685504241258	0.024738055984256043	0.024873188985617155	0.027009405625499833	0.02471896334099052	0.028940131232170898	0.024979359462328876	0.025931843357521196	0.02860820285237489
NW_023496800.1	6783225	100	0.0065939444034551166	0.007168700337322093	0.007617403418183362	0.006832757160105882	0.007862446644935137	0.0070225897194469596	0.008335726587466296	0.008329857743492305	0.008319719943437014	0.008286922116478789	0.007742491655250175	0.006985325155139794	0.008380019888431922	0.005915995387159064	0.008406422716574095	0.005426809809702052	0.006355565556960378	0.008001706011723782	0.0070334372378363	0.0073709258228766405	0.0058801711309811105	0.007019307874806897	0.006876562698066927	0.007992153838550325	0.007177584586973769	0.009353117257479426	0.007492060749153346	0.007899947336313306	0.007984724435539558
NW_023496800.1	6784503	101	0.005093057409809829	0.006465154640457297	0.006135023313238498	0.007352793100591216	0.00674150146300153	0.005360351745701957	0.00576393576817647	0.00974994947046598	0.005292622670350131	0.007335062946633603	0.008130069097207765	0.007422313230511063	0.006748767341974972	0.00672038918494487	0.008838579113514003	0.006364673015727846	0.00381468262066066	0.005636062105772941	0.006258679795897329	0.006808369268519798	0.006973036550745545	0.005419925999033196	0.007334409030946115	0.006173930494906826	0.007513899802565336	0.005907593709040243	0.007641913154383388	0.006145473719224465	0.0059212980493099894
NW_023496800.1	6785508	102	0.01372815055571693	0.01273217013066381	0.013841564313885961	0.015162864947768893	0.013979762718687453	0.01204751455114191	0.01358474059111079	0.012550425772762778	0.01235598326734583	0.015319732144732373	0.017319283016093145	0.014642898463842719	0.013273439603577228	0.013145729664632646	0.01770451755399952	0.012262996226713401	0.01110797258287488	0.012201869079509447	0.010661964694625423	0.013351353107106214	0.013113027745851054	0.011345250080360693	0.01485352819562372	0.013769732062315285	0.01439629038371086	0.014369955080516632	0.016161374933182298	0.011662298389231697	0.011504042634340933
NW_023496800.1	6786824	103	0.021828718545061975	0.02241893617360132	0.02232699128372003	0.024570382764692707	0.024441316262539696	0.023529253711450596	0.022318317758114634	0.021584662696996968	0.02416335697985588	0.02737001017840496	0.02563861966745603	0.022200469736625053	0.022346157376912017	0.025605339107680966	0.026843173032778295	0.02372999422687579	0.016683107992099155	0.01928000532400557	0.020173296010492562	0.02232155948765002	0.020114800805949445	0.023624997261013685	0.022232371956682092	0.02179146929762343	0.02359669480369969	0.02193021116910484	0.02417919152714116	0.022383976499931086	0.022262828700402082
NW_023496800.1	6788039	104	0.022741387913167783	0.023755099281434544	0.0214994240862693	0.027753226835204307	0.029156761785207642	0.022226214157778264	0.02231289990484633	0.023038266952590106	0.022918679331292227	0.030357871873623134	0.02864816728867607	0.02288370656214817	0.02597493575464032	0.025769520222203517	0.03176174966952373	0.02241107819416476	0.017381872089434265	0.025511675758057385	0.018706521247001288	0.025237137575831688	0.022219335408642578	0.027057475723046245	0.024821395380516222	0.025976541801506367	0.027099952531396847	0.02754845194672337	0.030485839010453982	0.025353628572195214	0.020950078457754935
NW_023496800.1	6789160	105	0.025642685338913403	0.028141363082430725	0.025627303165439458	0.026092499965925924	0.02322291392200218	0.023617746863719907	0.026441199260250542	0.027826579284736773	0.02724208639289816	0.0266610689033414	0.027142831899881866	0.025425278078146207	0.03201450074379864	0.03382721637289798	0.025879724413461116	0.030245677008027563	0.019940888326004626	0.028850722572236573	0.018342522624536985	0.02997870841252844	0.027841693798451857	0.027061582024158672	0.031034681963106044	0.030078586784180145	0.025879683086912488	0.02714978454687139	0.025779531980122235	0.026633429342836242	0.02626852616532924
NW_023496800.1	6790486	106	0.011636374480725296	0.015609992003677268	0.015313195394489146	0.01651379756832377	0.01671577729617014	0.01418914256786807	0.014751692052236864	0.016004254467901245	0.015560669297424173	0.016561854891461718	0.016816589067562566	0.0178231531289114	0.017369918998936206	0.01635447373876408	0.019749901934727646	0.013597855305292204	0.011716627262990695	0.01547263607260072	0.011677855239770005	0.01665432443041538	0.014726163754930912	0.015581539765789517	0.017772352475704474	0.01695860202433383	0.017290753612093517	0.01528117972006086	0.016279331062007865	0.01524781749059572	0.014393660634028948
NW_023496800.1	6791878	107	0.007613187067707234	0.009279107154211522	0.009190646637415556	0.009551632239412453	0.009742316561795746	0.009360685667482205	0.00987925571430813	0.00921413826617743	0.00892584911151259	0.010225138603431107	0.01075331334556561	0.010660127014455999	0.009956564290702458	0.010096604596682312	0.013378653936552047	0.01105652700939506	0.00917351047909451	0.00797373796813052	0.0085394894331203	0.00884675810000881	0.009870484683006818	0.009773843248353946	0.011557625630583188	0.01033162185084416	0.009632060879347643	0.01050176574424015	0.01085658057168421	0.010604655012815418	0.009077141655438416
NW_023496800.1	6793004	108	0.0256924820764999	0.030550475816251064	0.031118218056802774	0.03207500805905431	0.0330947706867264	0.026148723793608077	0.02850291475777224	0.02803084944857636	0.026315686251302213	0.03382456334996357	0.030294615491385103	0.028911189356687222	0.027920291946679613	0.031074669108632443	0.03620992415764153	0.03322308799758625	0.02437293094430447	0.026556463222820112	0.024971173321640713	0.029219983467226728	0.029307013391631737	0.03030579379813632	0.029487994066604975	0.02681570523965607	0.03448524078273964	0.030130036358978794	0.03409989157052236	0.027873358999366882	0.029261174654837647
NW_023496800.1	6794280	109	0.02015864430425142	0.02390973308630093	0.027666497961514325	0.031173305774514156	0.026567461118441563	0.023985321335800364	0.026123155784071116	0.02358289015985315	0.026040231876575767	0.029675589008474796	0.027343087681397843	0.02733429803919253	0.023043791935892777	0.023921411312778845	0.030611146553256478	0.023305296460792643	0.023195288701207177	0.022491278470230844	0.017230889174180242	0.02474434409410018	0.024888066724171248	0.025279540605204806	0.025571044441175635	0.023831646539973373	0.029088167471857763	0.025030430495850537	0.030042677133696946	0.02532020106084925	0.02307558695650372
NW_023496800.1	6795487	110	0.01396164032356878	0.01572460103346642	0.01588967053183052	0.01701079687914042	0.016997675427587913	0.015121757019050587	0.015300452936430776	0.015911716420473485	0.01592359036103201	0.016289682082408868	0.01580595265495122	0.015086139611554427	0.012667679464849776	0.014767700889945477	0.01881324548128343	0.013424228131127607	0.01289679820799278	0.013392515681085158	0.011503215702991164	0.014030322715695995	0.01344315722887053	0.016211859909424593	0.015053416910878116	0.013166324846549539	0.016489752816676476	0.016104052589287942	0.01682857647291488	0.015907901814835795	0.016520440883576137
NW_023496800.1	6796679	111	0.011153473202177182	0.011517572547599102	0.012500853472561378	0.013041294462658259	0.011782675954415804	0.012594424315681044	0.0125992312361922	0.0127722317468643	0.013121255771001376	0.01531870507127194	0.013690160244323525	0.010936183058150684	0.012529446576051553	0.011334847947211391	0.0177804541583035	0.011077854895389231	0.011513768589191151	0.010992837462471018	0.008871133912189098	0.011493398968451049	0.011032001097034859	0.01201757942668795	0.011950196516514723	0.01145357772549983	0.012499110659292536	0.01215311270589272	0.01360140904811383	0.01271962041111918	0.011506375800492364
NW_023496800.1	6797855	112	0.0051254094757485	0.005467139085524816	0.00514988384767495	0.0060003251148754095	0.006477827106408589	0.005718024659756222	0.006133877673451059	0.006280601727546827	0.006628563068520823	0.006415310381183941	0.00643793384351897	0.00637930108953857	0.006680213994883857	0.0069326483410328136	0.007080560961309275	0.007420004076809351	0.005255914524535381	0.0055299860234190494	0.005551085279804264	0.007024534897835622	0.00652156759089088	0.006370875986033646	0.007364422377654403	0.007478490628352682	0.006308789028965897	0.008113149838761574	0.006274163421482534	0.006445858776225103	0.005949564678349548
NW_023496800.1	6798999	113	0.014988654890090157	0.020429980315099665	0.021661700698691066	0.02282465300919506	0.021819069442893142	0.020638175729749502	0.020824276899746016	0.019171162743437057	0.02083828182447005	0.02186730779454214	0.022157739520802917	0.02293333602015045	0.018959599126416576	0.016349597949598706	0.023463010289333116	0.017846802183406694	0.01983876647831495	0.01955733302069386	0.017746104418980512	0.019851619584771014	0.01834059488000169	0.01952741064146028	0.019855990878665776	0.024250935181095633	0.021466545725015117	0.020760910117686385	0.023063436296078644	0.02350302043108948	0.019775714434800112
NW_023496800.1	6801529	114	0.01448911877842822	0.017450952393332497	0.016992715309800885	0.015942634799078002	0.016583032778697937	0.015045558264474965	0.01564474492077065	0.017117725725215534	0.016960662132768468	0.016074423370457613	0.01629523698546108	0.016202098915906123	0.01900588833697578	0.014699727227996937	0.018346151650056857	0.015849967296785155	0.015543433696296743	0.017427097523728088	0.010177317949732466	0.017691943872103384	0.01614782349375564	0.015547232813838577	0.01843694860907753	0.019663291559657275	0.016714030062737594	0.019134688489709197	0.01586682936835163	0.016757177254301484	0.016310649930776664
NW_023496800.1	6802750	115	0.00685691233285699	0.008523025161092128	0.009458274054459077	0.010352282374132524	0.011264957033389037	0.008364292090515988	0.008844939514762614	0.00900723789117199	0.010049647022853925	0.011704157011214364	0.011336771026175446	0.010745693712327883	0.008246044273051492	0.00921442460990589	0.01325448789770293	0.009563522265863081	0.008100148677798642	0.008635565164327796	0.008917709921288661	0.008460647874893859	0.008155297032929491	0.008318573819682026	0.011265723020066691	0.008882629831063017	0.011189447257526287	0.009579416470896534	0.011118604645537569	0.007773614501633952	0.007882089092157955
NW_023496800.1	6803854	116	0.025620958856884445	0.028188642035101567	0.029455344072353562	0.02939335887553145	0.026324400473313764	0.02333632619656293	0.02824290310204578	0.02853175821009902	0.028926831355117325	0.02886686451339994	0.029012719866430264	0.025378257119574314	0.025326584924182462	0.024853810302541482	0.03327044505046514	0.025657050314759802	0.02509353723422072	0.02569576711795505	0.024398222646836092	0.025194938810912122	0.02553511373986195	0.02838320556455212	0.02838322050633526	0.028460293494790984	0.02780291203283271	0.028185610242307695	0.02830250287738527	0.028231954921659877	0.02620167406890936
NW_023496800.1	6804956	117	0.013437884316118228	0.017228792708984635	0.017623041044018416	0.016885276949387035	0.018028012116274007	0.01647612066256015	0.016690870495022124	0.017984163773889585	0.01599810817611798	0.01816069526936107	0.01672149057450546	0.016144079671692225	0.01661366544993886	0.01666844156129005	0.02129527352474011	0.015437456791452444	0.011965767950209222	0.016533663599559194	0.0094695006396364	0.015310354408089187	0.013619619162563289	0.01673956442041887	0.014809673665228975	0.019192738507727323	0.016119895194441142	0.019244192569574145	0.01782592519545128	0.017187325287428147	0.017264987339128377
NW_023496800.1	6807310	118	0.011468336890367359	0.011494509354882587	0.010993538638688707	0.01154052154290878	0.011535950933084195	0.011007940155279254	0.009959912225938766	0.010878769273508048	0.010991139691150452	0.011410688545055125	0.013122197103748913	0.010934745389732459	0.010503991183901705	0.013281544327389429	0.015501345398146762	0.013159770873036618	0.008805312667646342	0.011767130760170169	0.00755698471619482	0.012009657390659612	0.01044668424008856	0.010372133153605332	0.011600734425822523	0.013234930202545032	0.01114158476099925	0.013855435057350802	0.012019445127921077	0.01086309993065243	0.009812690877964197
NW_023496800.1	6808393	119	0.0146584777805734	0.01541213346503457	0.015808041137938666	0.015469222456552053	0.014917303028978828	0.014904614015694954	0.015850684891761876	0.016534900141486324	0.015745324011662443	0.017438697686765488	0.01688823397663062	0.016048902627080208	0.014844239086611092	0.01483206634330863	0.018981910631111147	0.016978145075802597	0.013630178616894357	0.015577793999104387	0.010926742931799276	0.014541833230863938	0.013655768332620286	0.016755031015821667	0.016083759290285774	0.013425669122263064	0.016044824865730792	0.018299855102433978	0.01580297876073955	0.016724337967467924	0.016333246396972725
NW_023496800.1	6809500	120	0.01939608213296618	0.02373122806466635	0.021966243503565235	0.023685676732467645	0.022934963941534853	0.02182350575923045	0.02047185672859435	0.021172433181741078	0.021401386333878197	0.023548960953230558	0.02300217304655587	0.022754770327903278	0.022554935790656566	0.02173185725239014	0.025677950678105133	0.022286888746159233	0.013981093415076598	0.020457544214442364	0.012072948572765892	0.024077693922351245	0.019317736437705756	0.02209529237355926	0.02104917993258057	0.02527829396551771	0.023816865406477983	0.022821716405336364	0.023492451858860643	0.021284609559960314	0.02185307239065053
NW_023496800.1	6810718	121	0.014632113028623463	0.015975279539252516	0.016483311505876484	0.01858708929127581	0.018825629025198163	0.01734666114896769	0.0152604921433416	0.016031467464458094	0.015283020168343927	0.017684797677086053	0.017526531854032464	0.017975596523548253	0.015143015377218506	0.016103636698156624	0.021408281514944047	0.014775696374799401	0.013492812913335317	0.01587076769794672	0.013158356750825323	0.0150662431330861	0.014583797940017951	0.015326482877265624	0.016473765461467768	0.01710389334429726	0.01767577288867324	0.01822067580652444	0.016548969486397027	0.016158694143278283	0.016676973075678007
NW_023496800.1	6811923	122	0.01209023878532738	0.011756118969168092	0.013047521284253964	0.012658798957120937	0.013775605902344992	0.012066982682606016	0.012118446855205035	0.011694720752314366	0.011895018887607009	0.0131937848011075	0.011934266654086468	0.014180876743448841	0.011137876763076602	0.011506107915757558	0.015895670163383013	0.011232531349849677	0.011477159450393726	0.01075038682940533	0.010331534200103435	0.011131981197493257	0.010811166054209875	0.012292804797692928	0.011020572221006903	0.011711684983223617	0.013282364421279015	0.013654139872176467	0.014287716189360311	0.012030386922361993	0.011317904413104646
NW_023496800.1	6813268	123	0.008116695192744949	0.01077566956208561	0.011651798069802733	0.008807640521150595	0.010447402353417904	0.012386047919236948	0.011921423403318716	0.011269752886385296	0.01146884586179044	0.008756653552330422	0.008595345984320586	0.008967061257300823	0.007254662200252403	0.007563320639406635	0.011104506199453133	0.008558271924521814	0.007828935162204662	0.007081749208523106	0.00778714787692742	0.006925608624019593	0.007692618388770698	0.011899429848582745	0.01005251445834644	0.007687338314731555	0.009066309855131323	0.012074758090269014	0.009487790076051258	0.012402717824911716	0.012702060457328754
