contig	start_coord	window	FR-Run	FR-Par	FR-Lez	CN-Lia	CN-Bei	FR-Cor	ES-Bar	DE-Jen	DE-Dos	JP-Tok	JP-Sap	CN-Shi	US-Wis	US-Wat	CN-Nin	US-Sok	US-Sdi	US-Nca	US-Haw	US-Col	BR-Pal	IT-Tre	US-CAOx	US-WIOr	JP-Hok	DE-Jen2	JP-Kan	FR-Lez2	IT-Tre2
NW_023496846.1	3571436	0	0.00838437984401359	0.017154772443003327	0.017491332617825962	0.02034444954020325	0.016022800112794836	0.011515139678211413	0.012674169435048992	0.016594807045932608	0.013973519272567325	0.01949672427787455	0.020460123792538462	0.018368443098409567	0.013359410269964905	0.012228528819638365	0.02414016527815445	0.011586760368206403	0.014558080202462406	0.013305496567712348	0.010019385317603944	0.014399011373499396	0.013036473385065502	0.013318622550005356	0.012458804333024718	0.015753401097195713	0.018453200981578047	0.0169892377403003	0.018279338906177032	0.01725553190091131	0.014315420116440287
NW_023496846.1	3573680	1	0.0038112077774547573	0.005501085716918563	0.005240762116128874	0.006034323131110792	0.00671224962803004	0.004135686643169086	0.005313181341486713	0.007155822049430466	0.00520651742045981	0.005860320658648903	0.005093958196452455	0.006089794683273975	0.0041230008326646585	0.0036228763796623564	0.009007953252270919	0.004273577245791035	0.003749731739585151	0.003516766488942117	0.003054933106076717	0.005382883404329092	0.00371775319548304	0.00470583200027261	0.005144189210977215	0.005383341452490122	0.0065095789940712	0.0077579408134166505	0.005404894943705792	0.006012539475197244	0.00550076826248588
NW_023496846.1	3575222	2	0.0024050481061136755	0.0032291412506709936	0.002726921410586107	0.0022425448712117256	0.0023374813334083636	0.002735287653605861	0.0038115808777855944	0.0031066839109445622	0.003578689982084774	0.0034014943907386356	0.003775665243309607	0.0026163923764597422	0.002050478630698835	0.0024194088366067783	0.006921743930320869	0.0022399838244803482	0.0018948894698545334	0.0021592643326369494	0.0021416123130822127	0.0025384262983222	0.0012383385982847857	0.003673316458188319	0.0036569883800322044	0.003324976335819185	0.0020377264351104716	0.004068426266045298	0.0027469969140469456	0.003792650288380622	0.003877413549581948
NW_023496846.1	3576337	3	0.0019748289065585067	0.00358612134862827	0.004527519860157895	0.003572568865439031	0.0033887033826447634	0.0037693064918976863	0.0036886893474415614	0.003447294678540882	0.003979527348950136	0.005659529768628371	0.005006632468614834	0.004849475381072787	0.003568875335105677	0.0036925037748070885	0.010861602403296814	0.003461673061668634	0.004019248162159698	0.0032830615819453104	0.00353803894773352	0.00418287018603797	0.0031099283216801735	0.004129242501440786	0.004967526212116107	0.004151161487550567	0.004253042590991015	0.004759315948725904	0.00450007460345738	0.004362211242825184	0.004552831864464319
NW_023496846.1	3578153	4	0.015863626330820155	0.031212328032318402	0.030639345876496568	0.03894481014861196	0.0387132632984834	0.023132045163350733	0.022158331015725903	0.030190055645764418	0.02708508338697633	0.040510817330829035	0.03784536461889966	0.037101474537116326	0.02823331124772355	0.02841061219458295	0.0417839531264734	0.023403192068350738	0.03260262702267252	0.028290015320949078	0.02547536335902038	0.029140883277734994	0.026932586968535788	0.023223590512262304	0.03144204155604401	0.029950085212349018	0.03826123168995492	0.03320333415901574	0.0375950211745134	0.03283103852453077	0.027997930642261706
NW_023496846.1	3579747	5	0.00881475762588065	0.018727426841273667	0.018247819857664407	0.021433893708804053	0.02182422682424888	0.015496099647389166	0.015341010987392488	0.018441547978093362	0.016163680145689103	0.022323042966149224	0.01946596747349627	0.02075137990627106	0.013292276803878497	0.012235855691736864	0.026483345578687523	0.01241653295591183	0.01326347211534317	0.013776916835174242	0.012219193710952668	0.015302214044876432	0.010759361960620982	0.015377909186835502	0.013457047771011638	0.015706865110406455	0.021257298491182047	0.018741253498563138	0.02096972459632566	0.01892062460276924	0.01706642977280699
NW_023496846.1	3581469	6	0.005040840979261048	0.010491231121080571	0.010120424832946597	0.010123344475756878	0.009104290054963111	0.00703922133801826	0.007681058363438889	0.008958750527617094	0.008289488277589388	0.013285571069436697	0.010668935952727788	0.009248532939171836	0.007487268786696303	0.0075820814513053204	0.018341979056916268	0.007094337303828514	0.006959209251149009	0.007385683676999443	0.005894026438350161	0.008314291196087441	0.007338634417627457	0.007723582517191027	0.009257475482341916	0.009413443007804537	0.011256849003373154	0.01143175547893291	0.010932698375866929	0.009939011818579625	0.008233129000876502
NW_023496846.1	3582688	7	0.008998199355327002	0.02282019470486219	0.022933743828140108	0.020495053113002593	0.021013812906581806	0.01783702506107516	0.019008276263952233	0.022467214697250427	0.02077778255096797	0.018836614128232728	0.019057396007537423	0.022015405494052415	0.011534044510263389	0.011834767778957785	0.02608949770442432	0.009414008957936343	0.01379500925703212	0.011974922544324107	0.009512825704435382	0.013334502780440377	0.013729576725015255	0.01776498935596885	0.011439677963034932	0.013145623234295434	0.018253300615398083	0.022262858348150005	0.016766808300511218	0.023483633348948534	0.01942184210709506
NW_023496846.1	3583855	8	0.008308434190796393	0.014268497791405398	0.016384984040162608	0.027534064511925554	0.02313870254840192	0.011194199142298272	0.011800828629068238	0.015172760718778208	0.01463400785762585	0.02063344126858903	0.024522195073890796	0.023788966203924938	0.017572060773882153	0.01797172011517293	0.0279827119320548	0.015530971763477808	0.015469785686327224	0.018063087159084584	0.01559017212151163	0.018338863875283492	0.01607659985396214	0.012673642782818455	0.019907070438600134	0.02011526603214679	0.0203475517827437	0.01885833970949818	0.021102496656258192	0.014294170043419494	0.011325645286175906
NW_023496846.1	3585143	9	0.0017357646810131596	0.004353627037441404	0.0034184242936105232	0.004422358959792985	0.0046163018346946924	0.0027034370246656688	0.0030447503220546344	0.003557753784508223	0.00382720258696998	0.006779896672810497	0.005150063175361704	0.005817631013384896	0.005245925151831995	0.005198681785188795	0.014023599341360432	0.004448288023896534	0.005389551279445933	0.005305530106824699	0.003298476296355031	0.00619685008185689	0.0049089217726736595	0.0030827715736097485	0.007266739722086253	0.005597098484788445	0.006159381595201926	0.004342157881244887	0.006400935590422669	0.004866429439838652	0.0029833491893385923
NW_023496846.1	3586219	10	0.008977131241922337	0.023047483112713922	0.022383679716972665	0.026007644947462223	0.02368251902089649	0.017432445951479244	0.019843823160537198	0.022186398950315246	0.017481178576511623	0.027652144928206678	0.0281058442770073	0.022365561220216414	0.024608353751879718	0.024208913839088363	0.03314030304809538	0.022419233506763718	0.021807738480787278	0.02536980196665833	0.017128496508396623	0.02577847950108888	0.02323494799576604	0.018532880664797937	0.025633504428139962	0.02652708388751631	0.02734826916015121	0.022311138223578362	0.025374220801272815	0.02361260543561614	0.020173393888276995
NW_023496846.1	3587720	11	0.012436149292800727	0.020779109244119583	0.020910431972801395	0.024394917302074597	0.02646199906077664	0.01588591829121802	0.016657041164284993	0.02055986657341354	0.018613027128816302	0.026966486729010718	0.02575135594335332	0.029316585745152494	0.020456228115250764	0.01614552546098434	0.031447663236974815	0.01331578379235748	0.020149550552212004	0.021474657106831545	0.01210371105891388	0.02042474011456663	0.019402277591708397	0.016403905098397415	0.018964899778285072	0.024183987729580476	0.02361575046252891	0.020104095805321437	0.024633643897078717	0.020371383729487907	0.0183353885568623
NW_023496846.1	3589135	12	0.01009384611394276	0.020685749841165328	0.01840458847156855	0.026107359649648235	0.024534002578211964	0.012409560172101314	0.015156342646521482	0.01970668155419085	0.01796641570831872	0.02666763695377424	0.02539116209553957	0.027125635646633242	0.02323907143636614	0.022105478133058118	0.029863347793257954	0.020585335116566204	0.023581203248166347	0.023486602143312062	0.016947939600541934	0.025284201701436054	0.021806890173827292	0.014417750774762862	0.024542925270484777	0.025840623133524084	0.025089755437459255	0.018835570316459396	0.02511713661059216	0.020899276096240493	0.016719858834997336
NW_023496846.1	3590330	13	0.005575918585902665	0.019311416631308396	0.018325696977406287	0.021087005713269713	0.023502722872434777	0.014842901697895011	0.01373315961726036	0.017739317883764757	0.014528356326732047	0.022023636829861776	0.020269464803328703	0.023434638651724165	0.015208888078169391	0.013913892506799608	0.027400018551970686	0.011923779345971365	0.017451438335168146	0.01363010638140792	0.010989016931589053	0.015275138745645296	0.013912618146746979	0.0149905753679882	0.015982404154670723	0.016052013968247413	0.019832547533463002	0.015854113419295594	0.020070206892455807	0.01657701928096374	0.016788954364665112
NW_023496846.1	3592108	14	0.011654400294202186	0.025873355137516887	0.026513648287963203	0.02950366236983904	0.02405430318018468	0.022442579619119562	0.023332528165631628	0.024162379041337907	0.022530898949804933	0.027392699358881185	0.02522412502693842	0.027298700298390825	0.022059697378416624	0.01829933730644994	0.029011674936914002	0.018056580905821552	0.020207000319616475	0.021711314233968743	0.015489655655760453	0.021347376072223825	0.016865933655534193	0.022964940224071525	0.021888575850862818	0.023493895651450648	0.025447960663773445	0.027197238659944042	0.02519769150661997	0.02591208875508482	0.025423378830695297
NW_023496846.1	3593491	15	0.011727882563476497	0.030034727353069324	0.028102077851584105	0.03870522082944981	0.031144965017796036	0.023607751392260796	0.02307843706355226	0.028750034980276985	0.022830749952505017	0.039319019334921525	0.03797082843908689	0.03712147875341162	0.029472222935148954	0.02509057085775595	0.039967927044222425	0.0186865099733032	0.025405937253555624	0.028793926180125867	0.018708897198391625	0.031745052509962964	0.024551079979415358	0.023610278830337096	0.027889771579601267	0.03222990070343825	0.036033140153584046	0.03132818001580131	0.03747505268354796	0.030471428100201786	0.024481957004420848
NW_023496846.1	3595524	16	0.010175037262678249	0.021301095805797723	0.021851370381866776	0.02856538206214764	0.02731562099006636	0.01725987188879096	0.017327238662164245	0.021088433656827242	0.015289122352760387	0.02266405257935882	0.023211072273395618	0.028301537891422052	0.015171680989399096	0.01119598216859836	0.026770727715127424	0.012066969734440934	0.016336250970804468	0.015830124346026937	0.010311770960339799	0.01486046128480646	0.01332577219304991	0.01833588524804145	0.014853140166833256	0.01650054654959742	0.020243754615900812	0.020408638245526255	0.02307004198672991	0.0205728407212697	0.020464094190944183
NW_023496846.1	3596826	17	0.011116833076847986	0.017126991554267827	0.017710075705117987	0.01787012501040961	0.018964553320571818	0.01626506829021266	0.017326110291231888	0.01631983347694622	0.01630595758923068	0.018955890875219497	0.0171178332623095	0.01697630718830997	0.012042058619217462	0.009405589550761286	0.021635015159562353	0.009814327759588517	0.011403609032604584	0.01129012135897642	0.010185904160048444	0.011930252415170817	0.00949317787790222	0.016391231707398278	0.011393133710350126	0.012684963250025305	0.017525667432834912	0.018627176368699393	0.017055774746826517	0.018757911109606572	0.01742494506042285
NW_023496846.1	3598447	18	0.007275464510923032	0.012291919733149975	0.012171957745479118	0.01761678697754077	0.018196010878801835	0.00933825027062631	0.010206446441681121	0.011825901506399878	0.01114158540772182	0.016821328779352464	0.01505296826610994	0.016391538331617286	0.00962778579287432	0.009044329088673574	0.023286330012827098	0.00818055343849547	0.01181401496347393	0.009523465599721047	0.008119484373498997	0.0099228566614699	0.007372256622177205	0.009704179645218908	0.012622246422573662	0.01068769304560378	0.014304974913056542	0.012517444683699318	0.013904820241237877	0.01150346110789943	0.01076806251448729
NW_023496846.1	3600501	19	0.007746422379242381	0.011956363979112688	0.012646673171427942	0.01944396249207788	0.018704897111714313	0.009421229446548577	0.010226856283509205	0.012645638018791799	0.012062018494575878	0.01644420510439294	0.016730793652529743	0.01900552268537869	0.012645057813879403	0.009367579281678393	0.024296451739906716	0.008395749775541238	0.01346827959588343	0.013668783560429991	0.0055874343418258815	0.013352466790255464	0.012824323931951013	0.010122196025249873	0.013920691692820493	0.01471262402477329	0.015728749820325114	0.013774307639763924	0.016143817938724464	0.012695312379418375	0.010487310602564108
NW_023496846.1	3602303	20	0.01093767923838512	0.016881498027857524	0.016542953450653756	0.020984140236501556	0.01952811366330671	0.015639485644455397	0.016193723132323888	0.01681230971355997	0.01608641676324434	0.022721011205775698	0.01841895648868224	0.022918112936932862	0.014108141743026652	0.014420844925107874	0.02586415497707847	0.01299694483819676	0.013562345556823433	0.014455144561128027	0.010593831017467631	0.015224364623452964	0.012810388816497886	0.015640720256306903	0.01504780553789516	0.014754839838503573	0.016310517195707995	0.017731261779147217	0.015632333171131347	0.017339412309429536	0.01629542582452589
NW_023496846.1	3603672	21	0.005667884706574213	0.010190320177302795	0.009626334736283625	0.008370067134095105	0.008878157813115562	0.007436102464884904	0.00823579497827315	0.01009933870877442	0.009247367503544206	0.008730129997052135	0.008330646424533423	0.00951751933277521	0.005813359201537547	0.005130178961038154	0.0148243177800662	0.0050150789233496485	0.007251695457348082	0.005465573761842884	0.005361226380061514	0.006411513376325713	0.005468142170646454	0.008580073008593867	0.006997850387909716	0.007132067908685429	0.006991376362344739	0.011249534437554061	0.007953262867941579	0.010536625547598336	0.009302535593030457
NW_023496846.1	3605398	22	0.007388766612333537	0.01809567930957796	0.017145330634141913	0.02423926093471722	0.02453618407659457	0.011289902112702355	0.013057733882043388	0.016800900764356627	0.014224985949982182	0.02467390924939143	0.023998449412695494	0.021857291131846444	0.020489427960333782	0.01983675556927311	0.026013817420153833	0.01867298743977742	0.023242478883257298	0.02131880044967748	0.01371769687843443	0.020982272642681328	0.018625312985332702	0.01208503225041316	0.02423255543891358	0.02157324479631991	0.02273279670489587	0.018714641823067715	0.021108714370395472	0.016507062017429408	0.01436436082669594
NW_023496846.1	3606744	23	0.0027355037807851165	0.009978497768528601	0.009539858956949454	0.011093122851581247	0.010743169160257051	0.008712930594694008	0.00887202549335078	0.009624397975468052	0.008850828388998923	0.012128819092731757	0.011389667566906323	0.012925035752182783	0.007278585426009187	0.007044720927950507	0.012799497631833962	0.006573943666588275	0.008294206062952583	0.007159803199376049	0.006987058359570845	0.007766390220397698	0.007077609729547033	0.008982976269897277	0.007712785744980913	0.00843198040844195	0.00905437981303292	0.009658114680196825	0.010717542015159839	0.010298798105175205	0.009665224934195896
NW_023496846.1	3607975	24	0.006986792936078761	0.01322060443272035	0.01247077440669175	0.017689604473425602	0.017615798532467395	0.008928180890525321	0.011600171264453268	0.011928675936683786	0.010485706242087006	0.016529492512518115	0.014880520919856291	0.016562195393916342	0.013094434391734338	0.01236196041068661	0.01910372677030093	0.011291537975834362	0.01553569425420181	0.013990921846276363	0.010859139237466845	0.01470719399694475	0.0120090644727357	0.009735579527023542	0.014982895208629578	0.014948553543184744	0.014905627743001151	0.01287106158273019	0.01517960901822655	0.012310982998816791	0.010898513071738478
NW_023496846.1	3609272	25	0.0033727918425024753	0.00427161120569634	0.004695213356515836	0.007691376033771581	0.008266344071249722	0.004561048121816803	0.005263493930959203	0.0050860954091799014	0.005310610121352944	0.009421265642315045	0.005900018280783329	0.006440108178204166	0.0032418509214912766	0.0031587818117488234	0.016581722759013328	0.0031994308402747795	0.00340635481841926	0.0027796496471225707	0.003117910736172617	0.004224437308074385	0.0023357573099308236	0.004773078129460751	0.004932986585275676	0.0047247343421918395	0.005477483669414523	0.0061732719395257585	0.006365709143415183	0.0054195005901220145	0.00456165263190371
NW_023496846.1	3610591	26	0.004045057514276436	0.009310799989348084	0.009237143187715062	0.01105529952957842	0.011440003167002244	0.0060729056650788565	0.006654834510206131	0.008026625803581912	0.007566290886099415	0.012676516937750197	0.01343910054303829	0.011860739259268708	0.010821052325782298	0.009206947537738784	0.021125996268347016	0.00837130790621709	0.010973664393793225	0.010804918102651065	0.008121615104458673	0.012373969381997819	0.008642524912415636	0.0061682097322135945	0.011450690821191859	0.012485553865683697	0.011516452132560704	0.009076120287241293	0.011555914302514857	0.008164563466064183	0.007850511093588761
NW_023496846.1	3612579	27	0.006896482525677556	0.011623594272275812	0.012214368455406747	0.0166146523281372	0.017873392084005745	0.010039007412637165	0.011149445787418635	0.01122043836797669	0.011599076316653717	0.02007127657620711	0.016353356784100655	0.01665401308516722	0.010671745360945195	0.010643756105494524	0.026179601200961564	0.010324914372317274	0.007703625275522735	0.010619535847494234	0.006526563261813258	0.011847805179421071	0.008741017564307934	0.010603192806878934	0.0115895187441001	0.012624638832861043	0.013341928763817559	0.014033374844742411	0.018489379074264616	0.012729219791955515	0.01157786497042478
NW_023496846.1	3613727	28	0.005836645936456344	0.012833912398004325	0.0116931896048239	0.01821324782678243	0.01700348232382195	0.010102625318507117	0.010437469906962794	0.011958997378169916	0.010076878795321318	0.01711559046253485	0.017340839327620955	0.020095992357649355	0.009876518266081406	0.007803975968123015	0.02648659734578356	0.008615390486243353	0.011458242772259082	0.00890941219207198	0.006196568672041866	0.010048730540061772	0.009873450336772146	0.010157985457530064	0.009015356722503459	0.010288366851318136	0.015279834148414677	0.013177118597295149	0.013987212364729766	0.012840033209543841	0.010266901984315235
NW_023496846.1	3614962	29	0.002967640930899807	0.005858753465313967	0.005695598452191069	0.008031009256885598	0.007842844801949163	0.005028910126481071	0.005751643029525323	0.006036360549426986	0.0062067990020525845	0.009314201340795587	0.008451335020471832	0.010431253783284643	0.006697296031168762	0.005228137148598667	0.013443433305842061	0.004158824686169455	0.007690807817071048	0.006402972895870487	0.005155699463498571	0.0065647114106937125	0.007121924237382689	0.005792003086065464	0.008625099630390095	0.007452789532287939	0.005993196329852601	0.007452042600089096	0.008122186745498524	0.006592989721878344	0.005383219730058155
NW_023496846.1	3616270	30	0.003978897753346505	0.008476669472267592	0.008392594718656703	0.010113405029635496	0.011489595460773334	0.007125462549512051	0.007613169255218036	0.008362533584406874	0.0073273410354893175	0.008835040463723833	0.008382345524911473	0.009344877178383917	0.005462854801372227	0.0038558569402246576	0.012379264374150675	0.0033630377820708397	0.004873595088819052	0.004170436631753604	0.003559737836950552	0.005149718793521104	0.004168233460501173	0.007669728058901994	0.006912384111347624	0.005864263861694715	0.00788177223511691	0.009316431316774908	0.009175297053230598	0.008620403950318566	0.007982104711542048
NW_023496846.1	3617346	31	0.0017993947206300567	0.003580527535278825	0.003647533220656756	0.003990030234753645	0.003981715587142776	0.0020101548584367866	0.0028203065040831162	0.0032451460413415283	0.003017173330154689	0.004934161510826631	0.00395881853357195	0.0031700183534994664	0.004109805406129996	0.0030661219451615174	0.0077073254008680255	0.0020941797297338066	0.004846945640446645	0.0032922042382519797	0.002057458523841394	0.004138949792729258	0.0043081604499279075	0.0024588175660106184	0.004729434230408549	0.005205672377586878	0.0047431374648367565	0.003767841399602769	0.005321030792348427	0.003989103187281845	0.002956812319577852
NW_023496846.1	3618388	32	0.002551350696869086	0.008234673652720549	0.007938651062539834	0.009775860649617114	0.011397585756558075	0.005534243444717177	0.005806778430837869	0.00636354804615689	0.006173127097661483	0.012029817368455703	0.011244591114233912	0.012009624529911757	0.008738828934528167	0.009105093782293615	0.015945026844601893	0.00806237466523631	0.006668533475089458	0.00829057705354147	0.006636896787151438	0.00859515834138157	0.008850344097513054	0.004831972929824896	0.009701622602260087	0.0097016932581628	0.0105318613018057	0.006652256680789324	0.00991490020209129	0.008715496887190064	0.007931206064672855
NW_023496846.1	3619564	33	0.00788957524667095	0.015462164109361262	0.01619669238487012	0.016731184636809497	0.022407307657012487	0.012718235631869421	0.01092313012136987	0.013240117180442898	0.011801079253973784	0.019981951009948925	0.0221648309741866	0.020686946016114365	0.015264634173602297	0.011681892296679113	0.025787860390459785	0.009527451793666928	0.012517658166837416	0.014897503239526513	0.007560376413266177	0.01631385507217165	0.014849303432180359	0.011632703762178506	0.0147359791038547	0.017655070391056623	0.014922217239429172	0.014354226966825864	0.0183403976872051	0.014094413969261654	0.013335057514752703
NW_023496846.1	3621156	34	0.002037175569729237	0.005359653830366088	0.005309880021922644	0.012157663672277424	0.011660721464635761	0.003402606440354527	0.0037710178124706006	0.0048176253323508975	0.003795153776279224	0.010689788358680603	0.010450875985456442	0.010768396879144694	0.007215154200713443	0.005603659272731857	0.013489081452011978	0.007075334128677247	0.006409648086266987	0.006446946706977711	0.00464016844617377	0.006982237220054799	0.007439407314061178	0.00432765197989905	0.008106918706194479	0.006895261602251427	0.009479270713410442	0.005782298079089117	0.00909764566571003	0.005824491537056917	0.00459189838909541
NW_023496846.1	3622335	35	0.004949292450333039	0.009650373128630601	0.008707706501527133	0.010375063638007501	0.011088797155155124	0.007327543890381588	0.006383067101245413	0.008121099107712521	0.007104059174576873	0.012169310849667825	0.009637764523896591	0.011248106534142545	0.006920794423345553	0.006249608614351183	0.014997790691934644	0.004529755712175238	0.009348626414692494	0.006791789674302583	0.005743222714725951	0.006442155499770314	0.006763730324827037	0.006735787330850032	0.00781512101992308	0.007441719826711613	0.009581886006311225	0.008634473304032877	0.008955188171463353	0.008156832236453635	0.007603010171549031
NW_023496846.1	3623494	36	0.0030085468167753994	0.004962069760440997	0.004654914805162244	0.007905818168453536	0.009663724619262924	0.003822857831608593	0.004012539352819957	0.004773613680631762	0.00441341539012398	0.008805266842573375	0.007587558657983577	0.009472465136096498	0.003613774014280707	0.0027502419767738272	0.011820294491776634	0.0022417460914760635	0.00352096437999961	0.003862874348807189	0.001774049799054282	0.004191930308246004	0.0037090659016303703	0.004350097834572299	0.0052178420146510585	0.00637287999521614	0.007867262618761028	0.00490621003990022	0.007711217266107151	0.005121012366922464	0.004306671791451323
NW_023496846.1	3624873	37	0.005545232316875452	0.008923941188542159	0.007585539866933701	0.015836410719191427	0.017338928433278614	0.005717707507777948	0.006509654505134032	0.007450722439327142	0.008021691947393165	0.014720991596854433	0.01322210523028865	0.015201786173837483	0.011968362894135484	0.01053112961300948	0.022862198386612465	0.008979544281060242	0.012731287112644419	0.011275927848271831	0.006318709864748777	0.012324978102172646	0.010389141318549407	0.0063591142781668775	0.014198128186123654	0.01247982955259128	0.010687076382964273	0.008373222284622393	0.011062277554340276	0.00812667963726062	0.006563994216835966
NW_023496846.1	3626256	38	0.007244967138829117	0.008587023439036511	0.008459729821930431	0.009188973321751977	0.010115654888965661	0.005935310267382964	0.0073271971550274845	0.008407660777217885	0.0079572677187372	0.009793688115309517	0.010009831502547518	0.010234739867263047	0.006715441974517151	0.005691370914422951	0.0121236701945908	0.0026312573852986854	0.007819714775460672	0.007151953062347481	0.003976664726578466	0.007677711720414212	0.0062552300229667115	0.007376024737281272	0.007489518310026878	0.005792446806570288	0.009018037257358945	0.01105184003464542	0.007687901519948062	0.009513080112790295	0.007429310790873791
NW_023496846.1	3627311	39	0.0062930606186190575	0.010907808933593567	0.009497169306710261	0.01298683474398111	0.012574609244353578	0.006970324639269089	0.00683822642933104	0.010316440664092116	0.008891265591645934	0.013921341733684062	0.014313182059580798	0.01123345650018451	0.012802664971807914	0.01083812488067125	0.01930387976545473	0.009181986445748396	0.01209176686715869	0.012819134070467888	0.009314972886448426	0.012556481963566108	0.011517220490099218	0.007864601834357627	0.012808611759044165	0.012625666670106436	0.012802573681516256	0.011151564600679821	0.012686605727579724	0.01137807157112196	0.008358967828765135
NW_023496846.1	3628434	40	0.002269428214019566	0.0033557199573066897	0.0037381940376468746	0.003962376212875904	0.0034052757122599825	0.0020794311734401443	0.0027019029826532703	0.0039777075516919565	0.0031539737880561746	0.00452255789994749	0.003873556308460005	0.002991483768599033	0.003525472457399563	0.0036182414869653083	0.004572662578743551	0.003327339390822867	0.0038155614766610686	0.0040846382946901644	0.0029627286081810554	0.0041260895726554425	0.0037030205542571784	0.0030202645991702607	0.005707436026269506	0.00575179104224274	0.0036640446897757235	0.004957777842491794	0.0036518165072496754	0.004022596820663453	0.0030183381047413924
NW_023496846.1	3629695	41	0.0016484372993894752	0.004487278249364888	0.004628945830801632	0.004776747409923083	0.006598016683137584	0.00438730818677881	0.004462022251038511	0.004638625574812597	0.004060653121984377	0.004788766350124466	0.005664488886986778	0.004546622701311916	0.00320180650262261	0.0028075452461432857	0.01360263155818076	0.0020601640853562635	0.0027285032831956173	0.0024969666392544373	0.004558245257380005	0.003097904523585737	0.0027277186925057243	0.004928001644615974	0.003700080426913547	0.003457029158704542	0.004344823519881842	0.005121615972147951	0.003611418601504539	0.004752960943992768	0.005132644628001898
NW_023496846.1	3630830	42	0.0024459389620640933	0.004650549836838633	0.004606530881288538	0.004108753555780903	0.004170857693360953	0.003148675664979082	0.0030837508329653414	0.003940848524621765	0.00423064999557515	0.00678184952229802	0.006290543640113045	0.004252710082414935	0.006010323831456847	0.005494200154604365	0.00908745921103198	0.004792636038867246	0.004449581529571416	0.00592704468010214	0.004755523826286481	0.00599340957084726	0.005410496546948986	0.0027728412728011487	0.0069761378377960264	0.0070011295605303964	0.005851247070146626	0.004045286066128969	0.0060245421605901375	0.005370872214713533	0.003619251563395973
NW_023496846.1	3631872	43	0.0036888793890763696	0.005228280718191409	0.005103221597974483	0.006296824282036544	0.00626314702763347	0.005064581528930732	0.005051336347154844	0.005768762297871335	0.005585096344784829	0.006558728066669389	0.004606684046406123	0.006286217642911313	0.002910196961356765	0.0026338516924482485	0.010247328713676179	0.002077103719112209	0.003476586852764275	0.0018605516883472531	0.003268867364615524	0.003238018018289611	0.0027088877250188875	0.005417875654649881	0.0037930873499929228	0.0031175604448163154	0.005505685197372834	0.006211459272617344	0.005694312014169021	0.0055658222003902745	0.005181602886109634
NW_023496846.1	3633241	44	0.0017066946241822663	0.004693834883282544	0.004586059038135454	0.0066037861873863585	0.006791362876934113	0.003614281493996009	0.003303395804987991	0.003624788484494119	0.003825092338455023	0.00701784056797056	0.006413112317574005	0.007525035771363243	0.003834064414050695	0.004605658346157176	0.009038509088985442	0.004567309738483856	0.0036546203510030833	0.0043414876743777635	0.004565938411912954	0.005858651947112785	0.0035026339627447435	0.004102687341405795	0.005846478046066645	0.0045808891347210836	0.005310336718912617	0.004303271966343882	0.006937933168335123	0.003757793766598877	0.004010617924512441
NW_023496846.1	3634431	45	0.004024984966949276	0.008032420720582256	0.007884227820021728	0.0074491408850473504	0.006903459081979328	0.005568043543257415	0.006537239107998975	0.008023248650888675	0.006381058711335849	0.00902344025832771	0.010234925666167814	0.006331964409819472	0.007157383140233508	0.006907776926505166	0.009949884591523803	0.006456759050824372	0.00750472477009891	0.007473490065859744	0.006748504231034861	0.008038617002901908	0.007144367885936254	0.0063288878506314004	0.009306320358908488	0.008066421328215438	0.008624981425548019	0.009863187444867614	0.009186122141586919	0.008749273209982613	0.00726707376078371
NW_023496846.1	3635483	46	0.0023874759893139272	0.004132817784371384	0.0035219361827244144	0.007800182132385177	0.007315268032698088	0.003399608872674172	0.004120278151384556	0.003915432762597328	0.004169528576550792	0.007899907486520547	0.005705064611401784	0.005805229312398778	0.0039019459526321823	0.004097440868912246	0.01876277243704559	0.004649383518028589	0.004849695647378947	0.00427663510521761	0.004748201199873672	0.005307962743574856	0.0035423854895556346	0.0037914796208430614	0.006390227942407594	0.005924562080841551	0.005448837304582393	0.004654954162114189	0.007304692594182577	0.004653403177770072	0.004081655692347193
NW_023496846.1	3636778	47	0.005280933808306275	0.011382735712865358	0.011466350376526754	0.01146437716931758	0.011385848181703996	0.008957501613021356	0.009755808632756928	0.010064712187744422	0.010474617239296815	0.01200980261578803	0.012141877919769959	0.01207521199290909	0.009081312813295233	0.006139557963415611	0.016278528370035152	0.006469931216197561	0.007926146234997145	0.009183285867276094	0.005816404168254133	0.00970313460983678	0.007845418198771766	0.01034153084888803	0.009537613392198692	0.00975410236916974	0.010415063050172285	0.011641152784420199	0.011767662561302468	0.011449857987418927	0.00978202713102847
NW_023496846.1	3637933	48	0.0033456156747508235	0.011473516601957046	0.01154551214530179	0.014261775807963041	0.013141411102639666	0.00795245287895184	0.008077133700266999	0.011393584377331898	0.007488528530001432	0.015229322427643193	0.012821396750316894	0.011715156652259475	0.013180295572575667	0.01367900578130775	0.017552321302621705	0.011057989447599354	0.010237515135835875	0.013258118773196789	0.01095827321076816	0.013940364055504454	0.010361336311479955	0.008246691841134754	0.012869721438858055	0.015466517110249718	0.01346517406760595	0.01441963973316998	0.014197141531451567	0.011798619119862647	0.007884611270916568
NW_023496846.1	3638980	49	0.002235224537356429	0.0037218277352729936	0.00356171759565419	0.004438686150249665	0.005462394058718126	0.002876893539735152	0.002912112958189187	0.0037127107506305856	0.0028913383112447147	0.006896105014476986	0.004236178442195584	0.004259359167956251	0.004409406434876657	0.003343344003023425	0.009653360341152037	0.0030678914406073354	0.0034943772998455194	0.003937953259938565	0.0032719279006164412	0.003655927006410446	0.0036280449959786966	0.0031013293786746323	0.005259333179077276	0.005078752644312016	0.005126959464984362	0.004377549411061344	0.006189303185116299	0.003686847435001678	0.0027696499046587766
NW_023496846.1	3640117	50	0.003219706524442255	0.008326856426790015	0.009140542224118583	0.009391911218901795	0.008919613149379087	0.006439352980803069	0.007013756305490869	0.007269454056966425	0.007645681776619926	0.011300615410505487	0.011870000489838375	0.009276518391299721	0.007288020169558489	0.006040450103996292	0.015543414017794256	0.005273579587354548	0.011865414428461986	0.0067283177674346195	0.0061997550583727115	0.00846404476854273	0.007240207317559217	0.007356046860429992	0.007592644960035142	0.007305443581194248	0.00927383956150969	0.008448698937013555	0.0091726646398575	0.008571684293324045	0.007980260294944239
NW_023496846.1	3641237	51	0.0015792426191355705	0.004636433844980734	0.0047312156831130926	0.005494333540011944	0.0058468732035745355	0.0025448788561803323	0.003477272927492559	0.0047428242994177975	0.0034170132555590735	0.006755019722636013	0.006882117747094062	0.005873780643616732	0.006206883934006596	0.0068297262881059145	0.008288011780090006	0.00591519354741907	0.005442220943784398	0.006630311802665998	0.004642268203559283	0.007245043461297146	0.005763932390507765	0.0035154820759111935	0.0082746987902883	0.007721648817927098	0.006033065990714803	0.006334843673132575	0.006345546116669712	0.005518678281132994	0.003884378888687251
NW_023496846.1	3642276	52	0.0023460652901594577	0.004300212531367013	0.0047467201467189255	0.005163376202492489	0.004799998109221001	0.0034134829357505363	0.003908455019086928	0.004314418111763343	0.004320067103097642	0.003900044584069724	0.005509492121787242	0.004275095985082153	0.0037087142948121032	0.004180902064658388	0.009738461148913968	0.003069844531899116	0.003930336157401271	0.0037583233348553744	0.0037192913140807996	0.0036805006028327886	0.0030463923044512847	0.004667956889254391	0.0055708034840512965	0.004393373439374556	0.003865050666666401	0.005077298164416723	0.0033194164210727383	0.004087715765912003	0.004266534167236709
NW_023496846.1	3643316	53	0.0018194292918056203	0.002341027373522332	0.0028568320296732917	0.004626328153085781	0.004768599983300522	0.0022355163764139173	0.0024737037868569184	0.0029680920601745163	0.002379773047146111	0.005254368186949825	0.004913585107669246	0.0036953893231124265	0.003792648369606996	0.004603566995412032	0.007982715933698642	0.0038708390134613384	0.0017994126020185798	0.003948590810884075	0.0030092530129640204	0.004153014054543255	0.0038468409456905626	0.0029249467653666757	0.005426012079997569	0.005274493141628377	0.0038879640885358265	0.0037776892683861287	0.005158431375144453	0.003712499915577352	0.002569032288446396
NW_023496846.1	3644410	54	0.0017090669254014668	0.0026865961003435645	0.00215192898775771	0.003336503896800727	0.004357108087287761	0.001885718224466261	0.002616641163607477	0.0030801025977365733	0.003151597276241637	0.004259969584743999	0.0034399789026659296	0.0036179688190014587	0.0034337003028187467	0.003150454526136941	0.006260494752330745	0.0027190635352203844	0.0031643778799463856	0.0025712167818022135	0.0029632778728139707	0.003664105995937317	0.0024020487201796953	0.002478375102761646	0.0047850732135148325	0.004098427752227905	0.004113472161291164	0.0058783728879880405	0.004352010699150633	0.0035332357687796723	0.0022329705781203657
NW_023496846.1	3645684	55	0.0015322983122618178	0.0039721731076983605	0.003963439334307626	0.005050564158108414	0.004827954189197599	0.002631254931856443	0.003697280930210586	0.0035696442718176585	0.002829453974208407	0.005992363663088287	0.004436286093133531	0.0034477398149664173	0.004587824163904856	0.0037628785338183427	0.008397949301248828	0.0034687328515624256	0.0034019973046341204	0.004262324097109725	0.0034786772252563395	0.005218173209409598	0.004015949155573322	0.002992727088360687	0.005577884119479691	0.005322513333749194	0.004965600612493482	0.0038426138832016866	0.004527783017126476	0.00460362713110399	0.003047511235768141
NW_023496846.1	3646697	56	0.00193425690846694	0.0019247185861628428	0.0020211873355472487	0.0060519643958644315	0.0053314422888680706	0.0016551104164881766	0.0021968824976462157	0.002568150660263797	0.002851368119776705	0.005819715519728236	0.004249069114085234	0.0035710073494271545	0.0021083485411347008	0.0026026494057019684	0.010710273524561633	0.002631105239800169	0.0034879794454342867	0.0022552898292174453	0.0028410465422608984	0.002983621195608081	0.0030470191365745045	0.001969344167554124	0.0032489527768794313	0.00368430992864076	0.00461745417691842	0.004399606152443227	0.003980810657637978	0.0023835702143363466	0.0020853932949675097
NW_023496846.1	3647947	57	0.0035844204389404765	0.0044584892159177025	0.0043546979362829	0.004617795446264298	0.004101783714638315	0.003848764974268801	0.004064257753363667	0.0044582731289347375	0.004484967919052428	0.00595983572032534	0.004701926767540929	0.004238202499489677	0.0028784072314275784	0.0030533126681629046	0.013402995027787112	0.0028696582332178038	0.002591284548780099	0.003174461381398524	0.0031662309624481398	0.003820838931630684	0.0032504119830817145	0.004155924210420487	0.004916227301472649	0.004950954673732678	0.003855011667682571	0.005574602228242752	0.004688508679459117	0.004887763224762568	0.0036448122162468727
NW_023496846.1	3649199	58	0.0011615433916035967	0.002606717568754416	0.0024815955888087267	0.0035823261763101217	0.005064829313677157	0.001767164179910992	0.0018987039486701494	0.0026672610859286997	0.002001266976445303	0.005573689661890508	0.0041378082379903685	0.004020274631156357	0.0031868627161228463	0.002958202816583627	0.010458983774922418	0.0022878497572156094	0.00267119754385294	0.0027852921741297436	0.002972862133937997	0.003334676492119995	0.0025862094047767667	0.00225942173211452	0.0051281562919317115	0.004025565168544295	0.0040310249332190335	0.0031063819419446348	0.00452066881430045	0.002961765135815447	0.0022351515519001795
NW_023496846.1	3650407	59	0.001910942109477033	0.0017677490328096644	0.0021252874154490333	0.003246944574101204	0.00339781852098225	0.001623794442850201	0.0021403703146327044	0.002008686155819951	0.0021353682666919887	0.003529472016770903	0.004036050214355103	0.0027554748841124156	0.0028172274129509116	0.0026770412927799546	0.008790907142836993	0.0029009955019548314	0.0014630940213727602	0.0021371607873225036	0.0042637811854055515	0.0031334925848002493	0.0013837863784033056	0.001975597955739209	0.0035277983075303197	0.0033558471854364747	0.0023599702383815873	0.002597910623277126	0.0032146489319333643	0.002552126514123049	0.0018091870752255173
NW_023496846.1	3651450	60	0.002180028845037814	0.003217847300224578	0.0029793172278461404	0.0029430862501626963	0.004296660451108727	0.003005574201519642	0.0029191384025074175	0.0032722369320400857	0.0028353230246150715	0.004102749223828069	0.004068618614609198	0.0036018591630850075	0.0025436344686174607	0.0020383605522508253	0.011552691756313195	0.001700318488506657	0.002483513965029365	0.002266776030804886	0.0017555121609826164	0.002991034541772599	0.0028929534720816873	0.0031696877586219582	0.0037239891297839137	0.004898702699800621	0.0034764553660671218	0.004255796946143353	0.004006379427943908	0.003767118554213847	0.003029175932092674
NW_023496846.1	3652559	61	0.0014756348229271955	0.0018569808893844507	0.0016356827444433323	0.0029176431778487146	0.0030297684116303947	0.0018140082449929294	0.0023256575165967962	0.0019268395669328588	0.002352437860877284	0.0029662951138012712	0.0021399770767547496	0.0026631086242046636	0.001696763342965683	0.0018247349884659308	0.006449098328589933	0.0016373122097179573	0.0005108025024904208	0.0014258632158500846	0.003923846764085825	0.002255141446861473	0.0011632152657937293	0.0022113357486405094	0.0018257132623751965	0.0016054760873194058	0.00243946699645377	0.0024897156452352394	0.0030341225701501786	0.0022167938207052432	0.002125273151578078
NW_023496846.1	3653757	62	0.0016214739812491401	0.0052179531619967615	0.004213398101185974	0.004117275236072642	0.004186666099278924	0.003269155257037565	0.0033357176523139773	0.004405887906847688	0.003848441963832359	0.005504893884131764	0.004899471353819312	0.005595659505147662	0.004060328439118236	0.004853840751062604	0.010037826060904472	0.00367221119853551	0.003451442205836931	0.004081585174817722	0.004020682769606728	0.004529354796272936	0.0031515095222388765	0.00452280236561716	0.005642621217023065	0.004959137663555842	0.0035587125733493727	0.004949622734882538	0.004104734001511995	0.004886628460779155	0.004028951148941953
NW_023496846.1	3655254	63	0.0026818527368652214	0.00583761435949321	0.006062699680876367	0.0045841863965745844	0.0070107747914452505	0.0035725395601557356	0.003962542087477662	0.005224626050705074	0.005504325211317162	0.007750125685283996	0.005743490460227154	0.0058604010108256116	0.003838833354432413	0.00318647085155902	0.013938475120629677	0.0029160811585124597	0.003760219409985104	0.003917869971169348	0.002298613537426248	0.003890114707166553	0.004618606235848777	0.004308409288056123	0.005423431785713696	0.004693246868688047	0.005384625176022915	0.006195165568564324	0.005866012061359049	0.005898476987631015	0.0046104307919412404
NW_023496846.1	3656313	64	0.004259651772596011	0.008061848728317118	0.008173511368574218	0.009886093517192586	0.01055362046559747	0.007091064818121359	0.006990103997119865	0.007780735841552932	0.007434938176142599	0.01016856986232297	0.010117173793173737	0.0094384045526418	0.007416438683682125	0.00629895329523828	0.015171347466888701	0.005122534717931977	0.006319849545734878	0.007548796104388622	0.00472792724678232	0.007515030295683339	0.006868252925438029	0.006871801680421392	0.007863253890087813	0.007522846640253182	0.007728230720103162	0.009002722082721994	0.00918157168694984	0.009118849819594974	0.0077957017565397834
NW_023496846.1	3657712	65	0.0018962411219221411	0.004355572539952985	0.0038717061344295096	0.006991115925450829	0.005582774022016859	0.0019077919436166317	0.0022842914507808206	0.003799041911609644	0.0036226261983717135	0.006645822734755981	0.0056904923748249	0.005566295895707803	0.005435852690365997	0.005326776088507225	0.010576168447124293	0.0049255369702349335	0.004947418244716249	0.005575168263241433	0.006024596485192024	0.0067818746984226975	0.004602216926114466	0.002255182968758106	0.006559748118728745	0.006285436416335726	0.006121498704558671	0.004816817093157072	0.005829243671181848	0.004461983975485259	0.003362838028980805
NW_023496846.1	3659033	66	0.0020632333344881926	0.004144779912716037	0.00482093053557908	0.006352105773044777	0.006868886628892784	0.0019742639639410684	0.002998827764554638	0.0037926605502960195	0.0035801978374716595	0.006395247182471269	0.005396866465540655	0.005524974535612513	0.0065305741809557685	0.0062320599815891674	0.009353617857712366	0.005518987742151002	0.005181103582710772	0.005938340665739062	0.004714320477167678	0.007424483513284875	0.005767814616262293	0.003171137949090998	0.007082520018456633	0.007972578853851667	0.005454546856665326	0.00465788300330599	0.00650556877376698	0.0044652866644936205	0.00284996345462404
NW_023496846.1	3660111	67	0.0019253504612696689	0.005606449182386153	0.005255687574181569	0.008486409636393072	0.006791915573510609	0.004963692192646715	0.005053125322682614	0.005904966441994062	0.004669185434377087	0.0066717586475451745	0.005459921223670196	0.009286691453496709	0.004660018336845389	0.003797305885002133	0.014475585609551504	0.0028959239293816852	0.005452808623020836	0.003633003516638736	0.00370781235058111	0.005231944540774181	0.004003957799169719	0.0054603592870095165	0.005265421120624026	0.005495842987262912	0.006637275986372786	0.006180895831736356	0.00529864707557881	0.006085842318029467	0.005939669950948954
NW_023496846.1	3661148	68	0.0011742177807327018	0.004264143237236616	0.004011566125983761	0.005773406272675627	0.005624678708509027	0.002272404488449043	0.0024056659869159114	0.0037168160248715896	0.0027878947280581454	0.008470083489575835	0.005332917249619651	0.006577785314605853	0.004162493604826328	0.0030650964068952825	0.015156145466968956	0.0029436944859999735	0.0053163601108999325	0.003390230140426518	0.003817989874308668	0.004250212953088866	0.003967275416295139	0.0031982929819684477	0.004685863416028882	0.004440715830597167	0.005312929648589695	0.005175838227748402	0.004673976700450541	0.004740990359331408	0.0038323587204337154
NW_023496846.1	3662370	69	0.0031638834816763695	0.007121355953100824	0.007034795430112918	0.007019728494576556	0.006594353867480476	0.006312979390509973	0.006740345952508457	0.007575528424139817	0.0056194734813842595	0.006171891883583478	0.005751695480675706	0.005778809346783863	0.0036273930846999177	0.004119261735846074	0.009655950852236899	0.004556969110477065	0.0043954953853013335	0.0036460803971365254	0.004478890717193979	0.004526401932387721	0.0033490449632986403	0.006737987008672513	0.004597686176343725	0.0036273824815803474	0.00559848100173545	0.00986086975989377	0.005925204195186649	0.007699359301175356	0.007240854621699768
NW_023496846.1	3663386	70	0.001226236654401241	0.001921376729251032	0.0024218087547016906	0.0036692831763428997	0.0036814563068758967	0.0024745141588607793	0.0029499104271480045	0.002099405024977598	0.002468124052661173	0.005583821898462426	0.0043795113129598455	0.0036128079210613127	0.0023512386037561834	0.002432045669023779	0.007832624726864135	0.002391102531908259	0.002307659154559341	0.0019498052530003763	0.0018808492718316223	0.002391773666047824	0.0024794428765521305	0.002432429326246949	0.0031154630646095696	0.002960406775284992	0.003924165110392536	0.006432793870099446	0.004244829041302873	0.0032554396216706687	0.0026909482408153367
NW_023496846.1	3665260	71	0.002615849689242324	0.0039904062483220575	0.004351865986772187	0.004753077866799605	0.004711067533011435	0.0027650284422700336	0.00296006801747848	0.004416802135490269	0.0040845443902531335	0.006051533290925342	0.0071975876339765805	0.005259904987462033	0.005716543993158878	0.005222736864442073	0.010915898535471926	0.005859731980325902	0.006158338286385892	0.0053645471621350735	0.006433121123118945	0.006283507414049799	0.005185231236878027	0.0032209456118334426	0.006736730332712852	0.006250924349740572	0.005856144062839422	0.004372128103937774	0.005735197322378491	0.0045895462127710385	0.0030807797628827766
NW_023496846.1	3666452	72	0.002887247304462013	0.006878726548969056	0.006599380062086185	0.010364204958768684	0.009478911267326362	0.004651418478832861	0.005970054530237968	0.00606623314174719	0.005843414854237474	0.010030504341255346	0.008053686783934052	0.00887071047901927	0.005320571015225924	0.005897393922493831	0.018755243848503335	0.006069380970007833	0.0076690355687184485	0.005993439964012594	0.0052594901253990725	0.006263234348732957	0.005165671846220478	0.005814295976363346	0.00784018791532965	0.006152324405221922	0.007958261775272535	0.006706387076814089	0.0077356057484024975	0.006938932883883126	0.0054052838571233925
NW_023496846.1	3667648	73	0.002244683974848912	0.005003688507368623	0.004964079541403453	0.004935222278383856	0.005072282958694367	0.0032498730807776306	0.0043493858697576816	0.004488771794355628	0.004237595370167156	0.008558892150111321	0.005191963164267315	0.005047048446025229	0.005602027797418584	0.0056029559155356	0.010176907748450646	0.004885880223925378	0.0041976784274789306	0.005318074158656453	0.0044879489380027695	0.006005850399294906	0.004807372324464923	0.003912913179703233	0.005838282885618268	0.006563368127357083	0.00588856224168315	0.0058789290778897925	0.006352749989426529	0.005698257462754893	0.004499873701350853
NW_023496846.1	3670311	74	0.0010433467218116394	0.0028455940707250212	0.0026846946089870566	0.002624907564283604	0.002475578230031723	0.002564988235123639	0.0023911551821933366	0.002697530622507283	0.003035413146230071	0.003352009605969173	0.00357941615558821	0.0044441152123963976	0.0021778978627387544	0.0019705509999335476	0.006665533104666638	0.0012695640322399073	0.0020404024553321975	0.0016709040357371682	0.0012078751114019276	0.002008119575702448	0.0020837214244331286	0.002486230518772989	0.0025999432454074088	0.0038306784983811993	0.0021622219586436785	0.004635568330745163	0.0037482406286627355	0.0033198292726744037	0.002809238624441923
NW_023496846.1	3671882	75	0.000660478321987137	0.0005097861337715014	0.0003381085819379124	0.002304664506164875	0.0018397803840145403	0.0005443227996324404	0.0008351666645462477	0.0003718311385447794	0.0005519716273890061	0.002000134340518482	0.00178010032628469	0.0021173756041400114	0.0009409256010058862	0.001248260604685153	0.0033410551449976076	0.0013114594052557348	0.0013368596469488766	0.0006084946923291143	0.002584388809245909	0.0010683679153331222	0.0012291528603256372	0.0009157100164523127	0.002041290657611324	0.0014456919958984605	0.001762301365332398	0.0016016734971174439	0.001935085827168008	0.0013536536315433064	0.0015469324282828129
NW_023496846.1	3673363	76	0.004179235262354665	0.004651790467703364	0.005689522572383416	0.00569818371295745	0.005918906653999114	0.004893202530997272	0.004740795323342951	0.005428051047931738	0.00584343126936512	0.0068597058385418555	0.006256949977199813	0.006523119673375282	0.0039737853152746255	0.004651758222556245	0.01047286556659337	0.003424612182766608	0.004096871797520261	0.003833275373806827	0.004242969164044212	0.004217390569829571	0.0034192142743427662	0.005492472148300292	0.005107119650541911	0.005118463349412009	0.005624196875448401	0.005935110572961701	0.006154932349706154	0.005565758004888713	0.004564687091228666
NW_023496846.1	3675033	77	0.006510262873761802	0.02405582840651879	0.022052082858978896	0.032757035493947366	0.027324161257970138	0.014756426359804843	0.01429908728175943	0.020244783607990677	0.013050135662897826	0.03355340405187433	0.02890432513146002	0.028583409465242963	0.02262723369494291	0.020102124673482047	0.03418819387231782	0.019384948697115757	0.019028042045310528	0.021048516488000293	0.012970895143660616	0.022441380219925804	0.022324356606981573	0.012836264067483498	0.020837137841362437	0.02331727579580302	0.03229222673646877	0.01886105046918321	0.03170255052937843	0.02371555799252397	0.016608323392195565
NW_023496846.1	3676605	78	0.0032298650716918644	0.009426767501178468	0.009347790781506255	0.009884677218799343	0.010201222794479934	0.006842466625313024	0.007627709046147295	0.008539860921732105	0.007537960558646554	0.009831473039149278	0.0084299013255653	0.008786390832608196	0.007090352702294105	0.006328846969463648	0.01873553124952326	0.006014030770973112	0.004182185076623756	0.0063479736250753715	0.005403552337202663	0.007263240426799994	0.006888702905433125	0.00812948750871925	0.0072226580840972585	0.008212581037354906	0.009406110848503695	0.008531117456021895	0.008311239903733458	0.009696380461528351	0.00802864144904969
NW_023496846.1	3677939	79	0.0046732640851614195	0.008855950713461794	0.009037182743266486	0.01312414548285661	0.012649684988984689	0.005304594655582081	0.007066010079828491	0.008970903434496937	0.007761360144468855	0.010150629804556317	0.011222224364306524	0.012924304369921384	0.009838910926026238	0.012269939544979357	0.01518182102204122	0.011124186566351986	0.008585300945357078	0.012038943007559174	0.007591138832539002	0.01291762983907587	0.00903289259615855	0.00987868959120524	0.012604477034623057	0.011540977739340161	0.010782457149909363	0.010633007533843188	0.010618061176800102	0.008593990084393847	0.006939705853606537
NW_023496846.1	3679019	80	0.0017984724780431374	0.004844259418888851	0.0044699938865597035	0.006239029697385818	0.00827906537004334	0.003290553874537575	0.004178424972508296	0.004325651253043141	0.0036172656533255644	0.007849694102137416	0.008824128152754771	0.007610204158103768	0.006060397929398053	0.00493884384274974	0.01334770211592358	0.004988403149433481	0.004096378881398994	0.005839406959298296	0.0038208588105660404	0.007401004418544971	0.005058508387978711	0.003933679362978922	0.006018314236846883	0.00803770811693308	0.007432979609316544	0.004927542102258582	0.007871697505082603	0.005139537189248403	0.004489214660285987
NW_023496846.1	3680405	81	0.0017193146055229187	0.00447605580567361	0.0043258387190721	0.007050926912937856	0.0061998925763010505	0.0038319026845503364	0.004244363116334233	0.0038249135639612866	0.0042890835291788405	0.005693276439052142	0.007806063627930072	0.0076628837929402765	0.0040770045440765845	0.003878172297773384	0.007015103700288417	0.0032107545924904184	0.003400452272788941	0.003365024091644812	0.002847085964025689	0.0033439106433987825	0.0037175390248466106	0.004668499613726165	0.004881918377577209	0.004842659095664078	0.004790001721274406	0.004952815971873678	0.005686025052761839	0.004607887194873335	0.004061292842676931
NW_023496846.1	3681472	82	0.005928302675862779	0.009960517180873386	0.01007776682093817	0.012961103907437438	0.01036630402686494	0.007932349564834075	0.008927916204183579	0.007731503860965956	0.007760546640690009	0.011389226062470075	0.012377856353879252	0.010788468179535335	0.009468579251124758	0.012788232938365555	0.010012883895612178	0.010373679826204697	0.009369681928312869	0.010319862190432037	0.007937079457978563	0.00999185916770193	0.007853548875271314	0.008534869654845924	0.01126919263063858	0.009006418645763717	0.01267212578024156	0.01053266160439052	0.011889937556620876	0.009029621933674528	0.006781771336146838
NW_023496846.1	3749201	83	0.0017202390896287462	0.0035397350424496454	0.0036376859923763195	0.004130278737677942	0.005637054683446807	0.002186953746225502	0.002968904305660516	0.003566464157093796	0.0030798979689679565	0.004682613703293193	0.004644909694936739	0.003994410518014897	0.0033130481405786684	0.0013571941124547015	0.013475666520293	0.001042868893713348	0.0038635035967190135	0.002811803944830039	0.0014662822033619355	0.002556839526861482	0.0026067207142183553	0.003182336009073797	0.0038378316754754892	0.0023942922011675905	0.0036456467091781305	0.004276459510654758	0.004445276416683596	0.003722370011075931	0.0028698880166043435
NW_023496846.1	3751270	84	0.004690481255579534	0.009737678822872247	0.009324257121732698	0.010901054823102886	0.011245377662406521	0.007831202436762868	0.009868382476728856	0.0096589576683913	0.008993181166923346	0.011550332134052979	0.011118224055192643	0.012423109817332507	0.00877876713235881	0.008316250728897936	0.011756931902808953	0.007910462998255683	0.007722025397305835	0.008776883997731492	0.007946325508118208	0.010090012067219253	0.006996992636070298	0.008132431593511682	0.011655997565474014	0.013036350576537622	0.011164022680076952	0.011701333819584912	0.013991818980461658	0.011622005036213802	0.009056991044064721
NW_023496846.1	3752318	85	0.0023853339471100175	0.005263060961343453	0.005516562297799893	0.00892637875159888	0.01050166701330202	0.002909774077947273	0.0040353012103429555	0.006236573097202104	0.004528874363164227	0.009034342036007616	0.010886832019440315	0.010233884468611485	0.004978691505451515	0.004297915363359882	0.012859211848609416	0.003894349936027311	0.0040104920759937495	0.005150595025328994	0.005118414703687456	0.006166321247242781	0.005686381568074249	0.003906485634754405	0.00530493533162927	0.007346711204236865	0.008722257132214955	0.00483011205636927	0.009388692647540385	0.005516242688466765	0.004414058023990527
NW_023496846.1	3753551	86	0.0026822470512729985	0.004273076900190727	0.004244799903427758	0.004019782360382142	0.004538843271572003	0.003862087780182224	0.004428127515979336	0.004468874974250328	0.004368731382128521	0.00500529346970239	0.003975469128743523	0.004269610821134356	0.0026831495504299084	0.0023777288444732335	0.008227389838578437	0.0020292160979307316	0.002494994013548808	0.002340565109282044	0.0020629364824509768	0.0032488468550890327	0.0025392762011483523	0.004627218023974665	0.0031655084037823305	0.0037758863486871555	0.003973032707002875	0.004818464692732792	0.0041086444861281705	0.004663784981473214	0.004638860944001444
NW_023496846.1	3755337	87	0.0040427791490808655	0.012154343975314435	0.011528887535086504	0.0146323786139538	0.01396431969711449	0.007321135533808905	0.007967821009285368	0.011352643134320063	0.008876308241935256	0.015132547884543622	0.01599965957556826	0.015357172563833578	0.01169480267865482	0.00846200996133707	0.019003000990072898	0.00738639996781365	0.010760047153347274	0.00919902784930265	0.008484671153193821	0.009881574360687132	0.012399564978322182	0.008471444628572338	0.008645077821686872	0.011935845044408953	0.012689480220189174	0.012776361937782818	0.013873456668112046	0.01154060689958608	0.009554543082289571
NW_023496846.1	3756486	88	0.008354791352867402	0.021451594469695225	0.021908893253875322	0.02157594682838702	0.02200420940802886	0.01594713137898279	0.018802976925624687	0.021187159708675768	0.017628083835540487	0.01961629531687	0.01801017419108954	0.021092451049990472	0.017416447874492327	0.012756216118537361	0.030791102794569113	0.011701579378518928	0.016070463917050578	0.01709144057360203	0.009834529355987848	0.015380885862416418	0.0161688124531792	0.01630685278174876	0.016987466858233543	0.015902919235091687	0.01897152654577972	0.02302012247062237	0.018728299545789296	0.022023131877066907	0.018528497680770466
NW_023496846.1	3757658	89	0.0033803207359820223	0.009438352807252302	0.008555687849395555	0.013400867027944798	0.015185310538470815	0.00431702052387242	0.0060198067028194935	0.009058277740018567	0.006877566916618979	0.014300874508048504	0.015193428581035272	0.015134893464212087	0.01060393781647271	0.009274601801789342	0.023890402904456497	0.007888889224929165	0.013902898423654412	0.011077271309906413	0.005675629051832323	0.010471051261535176	0.012087015244425528	0.00515658658552848	0.01218568231190657	0.011507168319603776	0.01305445274709613	0.009021234289666565	0.011996497297827423	0.008944017936928289	0.0071189794033561515
NW_023496846.1	3758816	90	0.0071816695718494115	0.020980284879281347	0.019932625202139412	0.02665146310906407	0.023464981844607904	0.015941506212834952	0.017004032257990288	0.019343340231921167	0.018119234341927255	0.022734802822233585	0.02271152839493266	0.025252475503709307	0.022046530863097012	0.01841301181799449	0.035166235336464104	0.015371906142996992	0.021016208691324614	0.023610296333774882	0.01380468262087718	0.022235100431248045	0.018741606251496665	0.015595694308439195	0.021121583931749812	0.022353118469585036	0.02334737764506581	0.020985701370117946	0.02287687147776764	0.021128345015646248	0.016227369534325485
NW_023496846.1	3759911	91	0.004862372355582383	0.01355596191542865	0.012729495242109238	0.013849490274199482	0.015959256520761286	0.01000046549924292	0.012051487206891377	0.012044251117574118	0.0106418001107119	0.015891313081367407	0.014796353651739124	0.015024726525317753	0.01236633122361759	0.008860222598638924	0.02188865339585608	0.008756582739992394	0.011374473491663149	0.012254430312191157	0.008030521041403955	0.01143413140421953	0.010980163501095834	0.009297091537194505	0.011416871304720884	0.011754688766805674	0.013738762668504795	0.01267525029637779	0.012669726452729827	0.013415627539410844	0.01087120530377668
NW_023496846.1	3761158	92	0.007496091553075384	0.015304059132129764	0.014586079813142309	0.021946103212446784	0.02150203615307183	0.011802988849109578	0.010726914290183026	0.015066060361750157	0.01238694871238175	0.019213468050279892	0.016481182151829782	0.02187341446465538	0.014571197712883427	0.014406226716177003	0.026947586403286598	0.012716748532051582	0.016467797715206928	0.016477820202747025	0.008866209214100983	0.01572553197024246	0.010615629913245835	0.012498151453774782	0.01956689010141924	0.017163964983249087	0.016755662614683402	0.016570196299731665	0.016671389972256735	0.014639675886043637	0.013863777464356799
NW_023496846.1	3762695	93	0.004776591582796353	0.011573680687261306	0.011589098779445025	0.013224401184803681	0.01747767475822011	0.007581555860742731	0.008914527002303845	0.010658939778605069	0.008502825308503813	0.01706810977476029	0.01669879257190771	0.015357074374282624	0.01080440060258186	0.010799248201030079	0.022231717132277097	0.010393128529095826	0.011334467371747701	0.011106879374898383	0.008258956925554624	0.011649856481791624	0.01055678533251327	0.008396537762492174	0.012976076756001768	0.011448604867826668	0.014584544605311646	0.012305330967682057	0.015168566760781963	0.010689075779637415	0.009345106950038406
NW_023496846.1	3764235	94	0.005522670146655165	0.011383365185148606	0.011403544643786909	0.014651050603629335	0.01482525016481847	0.011168201976953892	0.011692287689420612	0.01187320459045978	0.010617381149421927	0.013014402293207456	0.013761733651364036	0.01572308059061648	0.009156654492280022	0.008382337042432526	0.021611295640551087	0.0074043304081261455	0.008693331646727849	0.009722978701310819	0.0074237819025971385	0.010401696611522342	0.008347797407397283	0.010957599607070443	0.011099176951675432	0.010451858177829523	0.011287572378610403	0.012413913828779235	0.01199755987404079	0.011476187245415239	0.011469534670148508
NW_023496846.1	3765360	95	0.003897811805734845	0.010553790339071983	0.010411874678309683	0.01212914135750567	0.014492480980918319	0.006152968615647694	0.007522475097118558	0.008837102108233519	0.008657153179834922	0.014836076320389508	0.014597111243047807	0.015479186796048568	0.011338122653145478	0.010281092804058773	0.014801017232990623	0.008993228605976875	0.011852773901133234	0.011825926815694556	0.006644420036928475	0.012068762111142564	0.0111675432060459	0.008266124768681105	0.012390876327421467	0.011920139788300815	0.014400985514760722	0.012548258028314352	0.014116272710099315	0.010688360065497681	0.00862999158536186
NW_023496846.1	3766622	96	0.0032482551270242668	0.005697071163572309	0.005036922901001364	0.01031250232899708	0.011254271935986175	0.004368316838282479	0.0043970071434909505	0.005644031301110498	0.005029551339171978	0.010421392698027374	0.011106378872470742	0.010948383012405881	0.006154882445082834	0.005516605945594867	0.01095301622664486	0.004087188444905162	0.00596743414655529	0.005028057928247543	0.0038530414730440295	0.0061747973552386546	0.004760341188559155	0.0049250830202807	0.006970154112896041	0.00643887211397109	0.007847388348375468	0.005366758978599161	0.009002861330048335	0.005895793273722675	0.005103536241213991
NW_023496846.1	3767733	97	0.005585586774942282	0.011037224425097535	0.008804528587838664	0.016983208400015274	0.015106969545089626	0.009058382804824088	0.009909726466042379	0.00907643783285678	0.01021447377763201	0.01618628346706038	0.015950078480452157	0.016353468450573033	0.007761621147680275	0.005144534075461954	0.01817312547770418	0.004018334490113771	0.006891643515562197	0.006451153937163878	0.003171129559332279	0.007455015143744406	0.007020576767877268	0.009224526597768472	0.006620433845015255	0.00807266201888555	0.012631059747759367	0.0097015589760077	0.01277357065608398	0.011202332303765916	0.010170166437238684
NW_023496846.1	3768990	98	0.011100852184879842	0.026890680787969017	0.02634278342802661	0.036352535112511554	0.03421596261328031	0.020805695197270324	0.02293058567103131	0.024742282178867297	0.023727700350447727	0.03517833051401115	0.03407725492243614	0.03598626402325754	0.025896719058541042	0.02334473034401723	0.03769105074293787	0.017089315892804286	0.021614062645414874	0.0268136022555048	0.011609013464767276	0.02635305037982676	0.024697538508505368	0.02141098021198902	0.028041619360628812	0.027611008217952145	0.033722691905417955	0.02681204949609056	0.03306175658561625	0.026469775625661163	0.02310942094508798
NW_023496846.1	3770826	99	0.0062317610672691015	0.02125935670707275	0.01979963788132395	0.025382058101533968	0.02710019306621074	0.016053849450877646	0.017398194577700896	0.01696376654040887	0.017671352754226335	0.027818339347263202	0.025031594393727437	0.028767453540277224	0.01913689026925415	0.02035577860478461	0.031054907327567317	0.016182638602117737	0.01843033135992728	0.020256309778709708	0.013236047906309948	0.019399848616149722	0.017301278714306156	0.015260793977409239	0.020346930562035882	0.019811192717491866	0.02843062574877619	0.018729704496378147	0.025666476117293925	0.019992410722213423	0.016794200187759744
NW_023496846.1	3772361	100	0.005386949990799199	0.012269713854728194	0.012186290001145478	0.015474629894378937	0.016202369857276848	0.009345260320628974	0.010028917242152192	0.01328915521099632	0.011243563902730281	0.018928811093580362	0.017279982087504447	0.017659387014649232	0.010598987742261364	0.008170774330446742	0.025700111356064426	0.007732453445393532	0.009780668954441733	0.010365410791671898	0.008087297225767842	0.008553949317922853	0.009030823729985602	0.011128133141590463	0.010655282878982117	0.011191295917970015	0.017096731146716886	0.011863789863441427	0.01665100936559372	0.013039813179051622	0.010495323289226755
NW_023496846.1	3773545	101	0.007749051318264312	0.012501280000302737	0.012754495964595772	0.012231400394892171	0.01208434438814661	0.01006601647697126	0.011319625182678445	0.012487968337109355	0.013501318313395988	0.01239397868929657	0.0128410000302723	0.013271004505204291	0.010670567392809248	0.009840474448942635	0.01893663366906458	0.008350731677474618	0.007854673066040995	0.009766492816774006	0.007851288042221911	0.010917433066754119	0.008406916995982457	0.011371587139765523	0.011830487543956188	0.009568660426558198	0.009817760531136283	0.01392481254208854	0.011016232561840143	0.01252715210690487	0.01202359819923311
NW_023496846.1	3774663	102	0.005142363551221842	0.013816084816927934	0.011929501896018647	0.013698850999544545	0.013775360381199942	0.009203781799263516	0.010170838372781797	0.011856707624055784	0.010681182221542176	0.01530675855872338	0.014567819166398653	0.013595096947794823	0.013588333152709003	0.009042201821333664	0.02346029261801078	0.005053163716444712	0.013294347069606771	0.013830102716631648	0.0037272454726093225	0.01042307551627576	0.013319841958719013	0.011124294286819606	0.01305406966385057	0.010026583905070614	0.012434428795310067	0.013814747671818174	0.014365997368692988	0.013006417602111756	0.011059244980523594
NW_023496846.1	3775724	103	0.006146371766417434	0.015907185392168555	0.014445919134632364	0.019253725786637595	0.017206573317907276	0.009860118248749385	0.01118211478658934	0.013684223582430067	0.011785445636840586	0.020083280700935065	0.018753089452104656	0.018900547944114502	0.01719022549375673	0.016388911552357763	0.02545139402692069	0.015598262988586908	0.01538413895958743	0.017200448254816158	0.011526771018304422	0.0175954138190304	0.014834213861324249	0.010830068543355907	0.019753332810781083	0.01988138667497378	0.020829931771533392	0.014207038256069945	0.017595306331348762	0.014899737306432442	0.01201543303816586
NW_023496846.1	3777056	104	0.0036686370893778356	0.00951408212001816	0.008448466156622631	0.01143153683863227	0.013072872078814723	0.008030273971247287	0.00822794034735022	0.009265339583995356	0.009293750220447136	0.01238466303026951	0.010471212206066218	0.01275483582353549	0.008325152128939884	0.008429905150459653	0.02117746703327113	0.008049929308056956	0.006654618576002807	0.008355147562797169	0.0073804707143403005	0.0092516921646994	0.008502692620117722	0.00819309230866852	0.00967453773845367	0.009455796008834621	0.010019289140169108	0.010787495774261305	0.01132238782190654	0.008718039261377965	0.008378727090103582
NW_023496846.1	3778138	105	0.009459008247647114	0.022465348590036332	0.022326766156698333	0.030254487507600417	0.028079149674043565	0.015499306181591569	0.015934212666085915	0.02110695064502327	0.016876416755164485	0.03056970564588751	0.028722097242407138	0.026847988948037343	0.023076985413327523	0.02262853883892802	0.035538533301869686	0.020027862583754386	0.0216532650686207	0.021804544866168573	0.015290809611226827	0.024022848382136395	0.020530891378956886	0.018033984066316452	0.02686491406509348	0.022680934584354138	0.027868971874517163	0.021512004000959695	0.027278668134572893	0.020262658488231708	0.01764842229281892
NW_023496846.1	3779729	106	0.0025436240793222115	0.0062581079801486165	0.00594313842163888	0.010717244561335772	0.012558628138302332	0.004098808279981289	0.005059456050081176	0.005546239600954025	0.00533742612884637	0.012846636653372776	0.012234441957725576	0.0131954375057924	0.0072269964360048245	0.006665440620188969	0.019912798383466247	0.00617745332512381	0.005833593500925058	0.007309351108194933	0.004960828365656576	0.007859638972878835	0.005947931296279695	0.00469086464057743	0.007587007718819507	0.008517126463369686	0.010165388576038388	0.005776109363035853	0.010405318366133511	0.007281463660450187	0.005257047308026891
NW_023496846.1	3780858	107	0.002230941433172585	0.004735525678072	0.005930263184137143	0.009076018553381037	0.009989158843343655	0.005471592519042307	0.005570621016008869	0.0066346175228447135	0.006138590899965223	0.007594359874528882	0.0074864090963536805	0.00836587970224128	0.006869292924188504	0.006240097070018923	0.017567769479259795	0.00795506368375906	0.004311118290643104	0.00573871354828131	0.006402004358046855	0.006129658900031417	0.004295987580449888	0.005149237077380797	0.00701080420382997	0.007579720343411024	0.006652602512147092	0.00558357844823394	0.006688147194364016	0.0060795233877044925	0.005362889214414233
NW_023496846.1	3782273	108	0.0033982608466128572	0.012631101558521542	0.013004587336635462	0.02028483090950452	0.018665849478220087	0.010146074986021157	0.01166618238313472	0.012596695674637148	0.011939249992408456	0.013933195844249532	0.014030264192247278	0.01793436948599105	0.010714399841315869	0.008576117174922612	0.01864553901468194	0.0076124631829202994	0.010268480587011002	0.010119515237418102	0.006145954151497149	0.010446287802531717	0.008292492000772313	0.01135419145064323	0.011634081505054893	0.009937090273933014	0.014586166168414414	0.013033743884533886	0.012604407400547666	0.014078477103164667	0.01226921295167815
NW_023496846.1	3783497	109	0.0035485362913978717	0.009306593354876573	0.008508599221476018	0.013386812082465933	0.01293923743907689	0.0071367117866706605	0.008567543603284891	0.00804336965555034	0.007590364726407115	0.012550002165618086	0.011297664978510577	0.013842339854236878	0.008107527966911875	0.007101141779585122	0.021375381467541896	0.005843784577020521	0.006665027651943678	0.007866706154589613	0.005541435590368023	0.008193120938082136	0.007773296026620968	0.007466732946768971	0.009536719834277393	0.009331702122092004	0.010923043538141	0.009589774580775909	0.011211537392084645	0.008879690160017812	0.008041718253668487
NW_023496846.1	3784541	110	0.004065588489898271	0.007764498416002194	0.008759203148052811	0.011749617539159221	0.01263844119342167	0.006716632755456181	0.007224837832401094	0.008288013990441732	0.008060469216999301	0.013023632438150183	0.011348782084731644	0.011371025065891504	0.0059772843484355714	0.00489368571113641	0.017522709093648624	0.005033533577625714	0.008313351886860757	0.005785775332513816	0.004235572509860745	0.006942997375298826	0.005801896374635165	0.0068428190802245934	0.009214254722501352	0.006393957102665024	0.01045407430148548	0.009976399170174366	0.010668450374779516	0.007878075157859796	0.007253314145492342
NW_023496846.1	3785623	111	0.003900457727974457	0.011755314490380087	0.010923197752876666	0.01246750774907478	0.01035721443318484	0.009223433934183057	0.009342277279757833	0.011172082365743496	0.010446551092142271	0.011934467532805483	0.011997902742678536	0.010306357750089099	0.009799560024745968	0.009146646378692627	0.012858890846240565	0.008008694186687232	0.009646032801022384	0.00925443122643914	0.006116588539753237	0.01016826137259099	0.008279923997908941	0.009642572620525432	0.009902270698551787	0.01084766885060119	0.011965409643253376	0.012058302691126406	0.011826211952315152	0.013318275202245905	0.0108431619243887
NW_023496846.1	3787263	112	0.005984060923921141	0.013198297239275417	0.012905203237240245	0.015312762451921397	0.015554224803756771	0.010484849798346643	0.010917530174532349	0.011704642235725093	0.0116921407347841	0.015796549141037595	0.014870660738108572	0.01551408630453662	0.011556401708704738	0.011025542287037187	0.021123664517602656	0.009360608598126397	0.013162537655148722	0.011662896045599398	0.006772135174901209	0.01228339141348991	0.011410996125186774	0.009967909442888985	0.01476619510790964	0.013257255287356188	0.013924897477965178	0.016515044446105055	0.013296583997356082	0.013717429251238525	0.010953211205017683
NW_023496846.1	3789096	113	0.004661463243288428	0.017117671038003865	0.017377535880903433	0.017422268354921566	0.017704588616970537	0.011110424792767918	0.012344281048477273	0.015773016442190813	0.012570563642463773	0.01904379051336397	0.01957441187216032	0.01811166153267079	0.014667466815869614	0.012113907302219132	0.02169091617893676	0.009714909087165772	0.015253553876587531	0.013916256746536524	0.008142232347805145	0.01526291678592137	0.01601520269661504	0.012559133590841322	0.014516285249218374	0.016915979618492494	0.016790960414421824	0.01646195167448306	0.018872658393357243	0.018126520498922258	0.014678242544796173
NW_023496846.1	3790163	114	0.005674794099349802	0.016134849416545343	0.015083292593968947	0.018719721450726153	0.020884152657522543	0.012319095816409647	0.012806272864053805	0.014578650340646086	0.014353181592135847	0.017908879082651107	0.01825054745071057	0.021200268286373964	0.014698650848342295	0.0125187272700616	0.022726753107533783	0.011445207895588862	0.014081892939829333	0.013776365034268157	0.010041120379305992	0.013990672099325998	0.011270838217533777	0.012975560967070844	0.01673028704861653	0.015918125932418373	0.017619114132465776	0.015997635018182466	0.01698438129693926	0.014817339454173706	0.012945158930794478
NW_023496846.1	3791448	115	0.004081155159176774	0.010948339535363545	0.010370289294079333	0.013270364827879471	0.013491135420636475	0.008675360596820482	0.009423756146688257	0.011045335642963672	0.010524148018965318	0.0136308710170861	0.012777852999812623	0.015476569010477151	0.010947754020038848	0.010225944826431363	0.016481645686622533	0.008717408187798639	0.011779758304367402	0.010680550633116785	0.009746011842220726	0.011207472082136084	0.009344386586979463	0.009045356541269927	0.010938418123158704	0.010981686193799417	0.011113331732773398	0.012161752251238772	0.012615063369870502	0.010619501251644969	0.01019901863200657
NW_023496846.1	3792538	116	0.004470830561216398	0.010224671634653857	0.010262610667307328	0.013231560246868015	0.01426883751974224	0.008077833105720621	0.008399116789931372	0.010691762037839033	0.009174954630131899	0.012933138109018001	0.012687012173788767	0.015133817725577028	0.010432408406638847	0.01009092981351654	0.01731925287979345	0.009184309222840914	0.009857324183234874	0.011154169650794672	0.009330815178677425	0.012526428844441604	0.009270045574233433	0.008007405730386625	0.011385979127885628	0.012287716428883065	0.011649369630688699	0.012705342345214598	0.011841830608698705	0.01016115547891341	0.008477566411695005
NW_023496846.1	3793615	117	0.00487542815645889	0.020235364649888826	0.01920661822329514	0.021896482159462247	0.02214723502392655	0.013102782159123099	0.015779571697383397	0.018221046802436178	0.015266282141063344	0.02267321201605179	0.02125572194115239	0.023288037182561932	0.01862000128825478	0.018203467249473894	0.021834110658312988	0.016549481201072563	0.018986484917103197	0.018823111555147775	0.011774564715490637	0.01881571083998472	0.014346660658614868	0.01468392474163111	0.020311549978899803	0.01965651100984572	0.020047539620205355	0.018181510491840098	0.020607423083235894	0.019707104535715083	0.015871089331181747
NW_023496846.1	3794744	118	0.008617410191149366	0.0250025600032153	0.024684542543029767	0.03367022968986182	0.03286809520378228	0.016547633768468073	0.01965081087568563	0.02608944646468125	0.022088780507844182	0.03183712364368007	0.03196236012460644	0.03000317332991677	0.02973332875345348	0.025669759295170572	0.03537701308857314	0.024055342016545064	0.0329020162683346	0.0298076644312877	0.019308471065617356	0.02740342781851844	0.02585838748132688	0.015232285952675994	0.03156560841128377	0.027739986941330206	0.03186587461264355	0.022544417898410656	0.03313377321435745	0.024187195918626773	0.01758773053961944
NW_023496846.1	3795802	119	0.006740889589523189	0.014845432478979141	0.014719122277116657	0.018707089379711148	0.02024526117949617	0.00985240468881333	0.01170168337522483	0.014617335992198936	0.012549064919089983	0.018859340706137265	0.01861409212007798	0.020141027364082725	0.015040755294436957	0.011674722429844669	0.025697225238025426	0.009688986708358457	0.01718075440493808	0.01649215945523434	0.006873538305771468	0.014370826104556804	0.015503831901086503	0.010952077046946448	0.014378754695785959	0.015023237214828532	0.017092340202610412	0.01639872919604169	0.016793354027270425	0.015411872993208212	0.011964068246134317
NW_023496846.1	3797148	120	0.009657124360012821	0.023647192088227287	0.023888514751752517	0.027150665888721292	0.027505198332164305	0.018771326068124865	0.019588749608706144	0.02215265154016398	0.019433508251057312	0.027178484010371255	0.028525094434398147	0.029692499669608005	0.02121817071784166	0.019724024462238372	0.030655469535583006	0.017130161268413917	0.021546770261528354	0.023082978135819762	0.01435226353494677	0.022728676133813654	0.019503213303432878	0.019062039428920256	0.02249269797450861	0.02204704457117183	0.024099094198868264	0.02324829435089507	0.025756868964436696	0.022148555565060506	0.020404880524594535
NW_023496846.1	3799249	121	0.005338510915828783	0.017534677624509956	0.0162285073250839	0.025697936495525167	0.0266963365526766	0.011281937984196935	0.011990228683942552	0.014989345240162847	0.012544544470616715	0.026650241824397094	0.025130011868479674	0.028221623187426235	0.019956394980601012	0.019419378748532525	0.03220907359565022	0.01530233688377846	0.019792557750007767	0.020294819042641264	0.011621412727327703	0.020296327110564612	0.016635242929792717	0.01212985509504168	0.021351252752057348	0.02029162507644383	0.0245701137360864	0.015333720495249373	0.022606132523195172	0.016628347708293655	0.011456109206776546
NW_023496846.1	3801164	122	0.007866030120399947	0.019575762439435485	0.02018253015636155	0.02728208048134598	0.02460302118477172	0.01553520254276529	0.01771645221196119	0.019015616599110604	0.017276058524077167	0.023643121194053124	0.021648749368815928	0.02565379967427202	0.018758331559804005	0.015914477167289928	0.02988775391529187	0.01532449525928402	0.021039059888239536	0.01806696632643764	0.012024335268504067	0.019481001187672226	0.012926099258323095	0.015387814047042073	0.020740694938891368	0.0202101116999499	0.02178718268041292	0.021077447867146232	0.020475547441299858	0.021465545547513065	0.017704742541914228
NW_023496846.1	3802599	123	0.0038564076578814365	0.0067646794934901585	0.006925835861739935	0.009972728589024605	0.011940699059145	0.005512551765521016	0.0053111179927435494	0.006188765988435839	0.006476207383200131	0.009840801595132058	0.010043054280303092	0.011367741685190447	0.008240685981520194	0.00757392218959564	0.016259497156267073	0.006818166574387585	0.006555047409042753	0.008884648493088086	0.00555672882310615	0.00834527930841146	0.008519136286407448	0.0061056261278001475	0.008374735388941446	0.009619236534307393	0.008947439237506195	0.007846427460282497	0.008288721079287907	0.006574007065993441	0.005832549896613789
