contig	start_coord	window	FR-Run	FR-Par	FR-Lez	CN-Lia	CN-Bei	FR-Cor	ES-Bar	DE-Jen	DE-Dos	JP-Tok	JP-Sap	CN-Shi	US-Wis	US-Wat	CN-Nin	US-Sok	US-Sdi	US-Nca	US-Haw	US-Col	BR-Pal	IT-Tre	US-CAOx	US-WIOr	JP-Hok	DE-Jen2	JP-Kan	FR-Lez2	IT-Tre2
NW_023496808.1	7126354	0	0.009704479212692662	0.013933168383404719	0.013594309620668326	0.011699190290822066	0.012814909648230132	0.012441396574134261	0.01250259477722428	0.013019417317115282	0.013434977524664238	0.01262052487017344	0.011035385580848572	0.012625481811216012	0.0112528256944932	0.010310513636676006	0.01439459345122638	0.010453392921891786	0.00997389120064783	0.011414212340741255	0.012461783345301203	0.013205470263771167	0.010559749755808942	0.014443852837973895	0.010185886614169049	0.013992898293543643	0.012643381152034606	0.014249739096284396	0.011587871132563309	0.013066649741751138	0.012910000025653737
NW_023496808.1	7127477	1	0.016046276033426586	0.017492164297323795	0.017636780232874478	0.020855096667663036	0.020207392034422775	0.015728088238687214	0.016181268746131065	0.01840753352495516	0.017886594428116697	0.020509924956784255	0.018637671809965655	0.019557945923142056	0.019966654368285666	0.020262399657392998	0.020589629936850127	0.016709536093122836	0.020272232838894275	0.017563622922920113	0.017886696291709338	0.019769260652585146	0.019445219691276522	0.017545446618086526	0.02057108203124977	0.02307247611749433	0.020840506956271015	0.017390560261667517	0.021166047788323383	0.01835962198529227	0.016762305296693706
NW_023496808.1	7128970	2	0.01762043874921736	0.014984267296013515	0.01388744659116637	0.017233940460871455	0.01586537417086081	0.013724158765895134	0.015573419689789968	0.014845901189474603	0.01429868881496002	0.017563902811765744	0.016153817904347428	0.015655171253937613	0.016154227382537755	0.016865434025687836	0.020416453577948652	0.014612067864974404	0.014616230422656381	0.01641747858588753	0.015747060616208	0.017179321646657097	0.015333314049542352	0.013638177139674738	0.015699241034557658	0.016718212851713855	0.0163908814445159	0.012554252421373778	0.01568821151211844	0.013732137587342663	0.013881233906926102
NW_023496808.1	7130530	3	0.008248559847893584	0.008291347696667437	0.008582227393689364	0.00919676957203361	0.01020558292552643	0.008082870296975998	0.008751905555981048	0.009206640398658901	0.008219921391343747	0.01069613591968573	0.012119571957621013	0.009974324161843573	0.008682954562535618	0.011427904685549517	0.01357261312178499	0.012294153666397514	0.008946178615092608	0.008149436245013448	0.009515645760989377	0.008489852436126351	0.0083915282100549	0.00857716056209744	0.00857526692615488	0.009298820906605639	0.010495142185333577	0.007938461728190075	0.011397907022708015	0.009177866578604265	0.009548999528118654
NW_023496808.1	7131538	4	0.0067636927229474415	0.006989497363134319	0.007376256437636544	0.008931812850589206	0.00855080845362676	0.006845338660124263	0.0068408998641371725	0.006988733009518735	0.006519686249945023	0.00945727422374434	0.007280229713755952	0.007706924303641808	0.00811584154235901	0.007663389210309144	0.009449616925333765	0.006521670167752098	0.00752945827220245	0.00807826824326414	0.006138077563447779	0.008078960328555774	0.00595492876952561	0.008072522913174725	0.010119393242196533	0.009525272450475937	0.008151741451949865	0.008161209480281423	0.007934637239319869	0.007571995538511486	0.007768923288577624
NW_023496808.1	7132549	5	0.028294150779131052	0.03136165979942462	0.03371341467176255	0.031626089604076944	0.03114881358843526	0.027104278827642967	0.034756125469252976	0.03318599577951404	0.03128792305015404	0.034057590367241916	0.035655101911231064	0.03453223466708305	0.03416409781224767	0.03299437649110777	0.0313224594859561	0.028050222240351783	0.031655332165974034	0.03293362346914391	0.03292654492958928	0.03318792992164675	0.028831511868364346	0.02934292531226075	0.024426244123509258	0.03264947470231987	0.03398100312842597	0.028363463909577464	0.03390667795807238	0.03076035452602527	0.030441695601017223
NW_023496808.1	7133711	6	0.009711424519223376	0.011459515614694656	0.011015731962153188	0.014130432912534603	0.014125573072239528	0.010355913517215262	0.010322658747228522	0.009954476838217957	0.011486453653329093	0.012615674883588062	0.011654813889746091	0.010484526939955989	0.011217670873986762	0.012361787987258156	0.01656271867122881	0.010279052615261571	0.011965049444280612	0.01107486463236586	0.009242040390740877	0.012127411060135491	0.010273995386181626	0.010982606657159492	0.012338934046198973	0.014339800832227753	0.011877122624169036	0.010862483700732672	0.011442971219239935	0.011737216604518565	0.011590834464250188
NW_023496808.1	7134721	7	0.012675240066795334	0.012176884897974756	0.010794828682494623	0.013533263831878363	0.011866579058613236	0.011043807185393502	0.012553187070740213	0.011433222632927446	0.011614033584397781	0.01462591657614569	0.012411874585930101	0.013483318668552026	0.012959383631921638	0.012476010358951238	0.015954597124419923	0.010544897041356366	0.01312608001232862	0.012434667388254581	0.011830977689379333	0.014199491586254288	0.01184369929266164	0.012745057333709906	0.012518305014251267	0.01302653264695242	0.012474380266036124	0.01195067544640343	0.012263366450652673	0.01279065874011603	0.012738339710265657
NW_023496808.1	7135725	8	0.012754213659562664	0.01703694229298584	0.017396927189139693	0.016858741712451508	0.017144484218089277	0.017562661787125157	0.01779526997344031	0.015618259876703887	0.016710628438177912	0.017372987682355262	0.014946522584263416	0.01476939597899626	0.013723316072411194	0.013980101128473425	0.020963116593769097	0.013322157977417743	0.013510321958794477	0.014175681543233162	0.013079064261060208	0.01351345233601101	0.013700009600004046	0.017480230977559408	0.014674568952277721	0.015456204515196238	0.015947323558983206	0.016635501451380912	0.015268450328712093	0.017626329056367733	0.016084069088164423
NW_023496808.1	7136787	9	0.015570923035529958	0.018251818325681457	0.017558716557562082	0.01813614195149928	0.016343701477849446	0.016726752359525622	0.017885493319177256	0.018036365589576532	0.01857913107183186	0.018871995030030595	0.015711213503751528	0.01571090847176943	0.013513416070902189	0.010702011506764657	0.01982394314252149	0.00704552884961995	0.016586179054093705	0.014765514212145135	0.009485342088515753	0.014988549236084866	0.016249956056285143	0.017794398623960563	0.01581017095675459	0.016163001985120315	0.01445780484653035	0.01854187598065553	0.014839629585892683	0.01810539645981404	0.018425452797984295
NW_023496808.1	7137888	10	0.013446555977215223	0.014806086994260373	0.014944179282277079	0.01622240438933012	0.014963633424431558	0.01516858429597244	0.015684404338615184	0.017051526296880573	0.015666939702512327	0.01600700284363418	0.01466307646654689	0.014703270580245016	0.013900925123894224	0.01308562290753185	0.02207576255382843	0.011283639622302142	0.014147669113249538	0.014014883610367795	0.012079683270540336	0.015128733379450577	0.01337413000139364	0.016517006389483273	0.013225201348209868	0.014956875123764474	0.015003388898739737	0.017641123458752024	0.014660711653194452	0.015852528461917963	0.015098636834103982
NW_023496808.1	7138998	11	0.010788553049723515	0.011884090778986934	0.013370077693247846	0.012301799933461725	0.012287216747302482	0.01136616693957628	0.013141900259079861	0.013578042735706584	0.012241514212849552	0.01269582641645004	0.012434719891422523	0.01119734953126512	0.010930649551485552	0.011664464230236557	0.015488285100929249	0.011354316567584115	0.011459266027888309	0.010142991676015633	0.01225558029142191	0.010930709637845268	0.010093979326304691	0.012991285773021081	0.011169187626842478	0.012107997476203496	0.012635784088395904	0.014715276985175562	0.012291554065517485	0.012848497433415174	0.012539945236580943
NW_023496808.1	7140333	12	0.007315893311236042	0.007662243489631598	0.007133869890288384	0.008196748881398624	0.007879329286930315	0.006823313592575528	0.008149648712456757	0.007802251199595086	0.0076164642354824156	0.010043158728719834	0.009088470188169164	0.008752282710266152	0.007346729713624592	0.008101564618079355	0.01298135569692821	0.007861938538370014	0.00742043941640551	0.007014959899205277	0.007218814209139111	0.007967172199214598	0.006383273583535556	0.008191112098224512	0.0064653415807995026	0.009081288619744594	0.009065000036225014	0.007447823396343777	0.009604906999494752	0.007945966692949844	0.008011041434459852
NW_023496808.1	7141468	13	0.008885698838885958	0.009356346905180913	0.008562082960808544	0.010452480149584366	0.012246804052429963	0.0089438496733519	0.008712939691163067	0.009443627312514143	0.009338014239704717	0.012341895095228608	0.011225493193323116	0.011237319997150295	0.012278174684757753	0.012350087735864865	0.015781173986761626	0.01263805808059285	0.011604383893222317	0.010055155476851865	0.01424644575438954	0.011460509156007279	0.011449763067557498	0.009511299519157027	0.00972282748839397	0.012652486320587346	0.010862396415216179	0.009961096040872407	0.011613213940862538	0.00998306595791791	0.009468756566332483
NW_023496808.1	7142530	14	0.0049770304528449225	0.0067195529787310556	0.005950604918652023	0.006790145055508667	0.005975336591168422	0.005716786355310346	0.005539955661409055	0.006439438539674579	0.006165410660886094	0.0060463495541439915	0.006053588712080862	0.006368140374353935	0.005664067738267794	0.0055015196955258494	0.00844787544987959	0.0053142138973904145	0.006231519919063134	0.005695745115440203	0.005855616679269872	0.0047308169146522165	0.005553504648399571	0.006291247723422423	0.006792049226001681	0.006689790022827795	0.005691722716370932	0.006663840111064072	0.00566827778323389	0.006583504300510371	0.0061506700176750875
NW_023496808.1	7143552	15	0.011365603278423878	0.01277657246019408	0.015708069326209353	0.015020151332698543	0.014515308479761877	0.015368712063959553	0.012662764023469806	0.014166140304023965	0.014573686782977846	0.013513191563519385	0.014034944952798072	0.015386152917059507	0.013835634785555205	0.0099886518169727	0.016821107262105894	0.009160482518934329	0.011711855700147406	0.0137439198587076	0.008531613371651918	0.013081092136992784	0.01198996497371529	0.013979366434498078	0.011955671575225162	0.01406356854415386	0.013601255988306816	0.015304032099420821	0.01492980300247403	0.015462028408657557	0.014820263447898082
NW_023496808.1	7144639	16	0.005025423372198764	0.0055058507033139015	0.005195615635779206	0.005082257893154517	0.006393295997627072	0.004784585945741456	0.005583099299736756	0.005605818652659718	0.005684059958974996	0.006541754710071177	0.005633281011266163	0.005171821822848687	0.005734559370323598	0.005002820445081482	0.007289077606694791	0.003926127746859591	0.005365869699464382	0.005145532612552871	0.005847022662522241	0.005627472193358565	0.005096928415799563	0.005174879425220489	0.006908140358666199	0.006457194466627435	0.005497465181369099	0.005612215519195798	0.00665316086158005	0.005776453969572542	0.0049565338208789915
NW_023496808.1	7145690	17	0.01443065224322497	0.01684502593961579	0.016784955926290087	0.01730669008238258	0.016847471597457232	0.0163362294326609	0.015325057330833386	0.014450030820707048	0.016081745532657586	0.018980897879315183	0.017638856192730205	0.018652165895506615	0.016767710312348753	0.016298081639678604	0.02207739340979898	0.014350458774837356	0.017872423274518368	0.017438318132711902	0.013050275879578745	0.016168916434783794	0.01349654456630041	0.017298251164781345	0.016118120510449394	0.01687806418358389	0.014783994650679765	0.01932175625214352	0.01614581715193847	0.017532313216948477	0.017555110523557394
NW_023496808.1	7146817	18	0.012245050704022984	0.014835152545575606	0.013448341086422778	0.015170083821645858	0.016440136041683158	0.01397690215969976	0.012744407394238603	0.012277620511019676	0.014558144866720184	0.015062177845779406	0.014169339803821453	0.013839859132898926	0.013076189416851288	0.012865719726316756	0.01725334569590135	0.011641653904778787	0.012822743876453678	0.01329628436196118	0.011406445635747949	0.014280488921396422	0.01335429900911053	0.014799223885840679	0.012039675589337067	0.014451771336327005	0.014245481610400774	0.012207126963301444	0.014165528847530381	0.014247312775431568	0.013371769794043743
NW_023496808.1	7148495	19	0.0058781920236866785	0.007310699686543911	0.006761437775487052	0.007940817968311137	0.007460203621604122	0.006329740402054558	0.0066607988688424215	0.006950528417353999	0.006112398473536124	0.007993392849775668	0.00844725574865791	0.007094732568093294	0.007899205392024952	0.008847979796304362	0.00984733094481815	0.0071724020934262975	0.007206304695478198	0.00783999692876064	0.007471775736598518	0.008405284889820805	0.006752477196131999	0.006866002565815197	0.008048761640015561	0.008110230992810148	0.007151703431284452	0.008338764149561117	0.00835321988934499	0.0077258620221045075	0.006940670578944271
NW_023496808.1	7149612	20	0.01810650855214943	0.019824848537719132	0.018492182550897143	0.01812828466337913	0.017578687834723862	0.018127097016550724	0.01902813915553601	0.020141731190601076	0.019796603541317556	0.02176857491760974	0.019315189678185924	0.01802144470009871	0.01971114926102657	0.016703399200066818	0.020112562006499853	0.018002769956870262	0.017050359484668053	0.01849400559878157	0.01981769856988293	0.020245493231078562	0.01988193723497937	0.019857958326689008	0.01922170592840134	0.019737779583679133	0.020783342417831377	0.020074962902815803	0.0220885599078623	0.018646836172403657	0.018576320127548288
NW_023496808.1	7150793	21	0.005862165787292571	0.008308085990977097	0.0076107556351247005	0.009441080423112943	0.009225873635844777	0.008339711592257321	0.008653998376576967	0.008058113679950758	0.008320684892424558	0.010343753404504543	0.010666418990556535	0.009051188436514571	0.00788625282463415	0.007953753398369083	0.012970033288171985	0.007917112553566984	0.0073669977556426675	0.007803453175648516	0.008016712188124516	0.007929055177767543	0.007262626342485946	0.008922995610384659	0.008585294262581407	0.009296827275644357	0.009394887591809186	0.009619313355140777	0.010427748981495299	0.009116786974949834	0.008717196955755303
NW_023496808.1	7152005	22	0.0057830180357264565	0.008835961282596158	0.008579037047705362	0.01168205938097239	0.009290280280188318	0.008808656218977659	0.008897405818804266	0.008305759407384162	0.009427589847531078	0.009814299511806962	0.009339399785732979	0.009560589899610823	0.009984282733857963	0.009637524731886471	0.013740916794093453	0.008031544725758647	0.010008136826292473	0.009118421767697726	0.008654084166593483	0.010706809198749858	0.00792124338014039	0.009228055312686426	0.011290944428083446	0.012066463389144631	0.00903313737276122	0.009040447596744432	0.009534345639557927	0.009381040379317784	0.007900269344581786
NW_023496808.1	7153005	23	0.02335518244816972	0.02198867260334183	0.02369392248731719	0.024992165918012173	0.02188918283582468	0.024326584022442397	0.023881156415112854	0.023497433118302664	0.025186312610036923	0.018083580555320965	0.017764482689420966	0.01946239078052978	0.016636364094697483	0.01615713415887302	0.02673136438345358	0.017848559287807625	0.015554328580834425	0.016952634325926037	0.0178214055796244	0.016573873703535524	0.011497229735978564	0.024899976045741807	0.016716530158899682	0.018357284007536327	0.017903017950711683	0.024756417643601786	0.016478357200039238	0.02473946920950212	0.026775751272971934
NW_023496808.1	7154330	24	0.004087362220996443	0.0051832570816918696	0.004227508399809389	0.004806864957905655	0.005416611419305432	0.0044393076017051995	0.004421359288598294	0.0036708737605741126	0.004737435468729388	0.005417471956363393	0.0055426521230469775	0.005310917456310082	0.004568589768358506	0.005037577514417318	0.008614395922801362	0.004068796524026399	0.003954366531917856	0.005107319390582037	0.004993573888838884	0.005292418066103718	0.004131791157805956	0.005457373163861516	0.0053859212757958975	0.0060388290159301425	0.004724702308775207	0.005066509646077755	0.005540262428778987	0.004850473754850478	0.004471208825011322
NW_023496808.1	7155333	25	0.006264340033907562	0.008939894240732816	0.008007723409158885	0.011566138792993171	0.010368920955687784	0.009306248923418721	0.009737931209258251	0.008687502271674545	0.010587763490858347	0.01012606848439174	0.010625156693479822	0.00868856142070425	0.007396929426182573	0.009583808254249123	0.012731903872311642	0.009440197764791288	0.007218941093871931	0.008049878950626034	0.010367857468186446	0.00833689024911349	0.006162458820172026	0.010150355750481142	0.009047841887710954	0.008320028320088187	0.00916979499638911	0.008900075446504093	0.00871532241880175	0.009098700763657498	0.009800406417959333
NW_023496808.1	7156448	26	0.006813252208816798	0.007186593781271455	0.006604321754711652	0.006572355037042338	0.007936046959232158	0.00784887689256947	0.007155991497707106	0.0074583322017521235	0.008048740300048155	0.007567614694760205	0.007900221998091815	0.006806131487296559	0.006605654985807736	0.007503711856250475	0.012442495457702957	0.00793004925995826	0.006031084434026167	0.0059521873909409604	0.008073546011310773	0.0059928249137778545	0.0053490604368180645	0.007752703483004767	0.007828343797923968	0.006846803787035968	0.006173122327866149	0.009383581721009098	0.006892850652868589	0.008453967677035625	0.008088083461816031
NW_023496808.1	7157472	27	0.01299417822988322	0.015933248994572796	0.014290717358060822	0.014872778896003792	0.016930267294711508	0.0137000733809857	0.014645273664057825	0.01348291559418358	0.01535968259910782	0.014658258343598816	0.014935214429018302	0.014748866001985802	0.013489705874880182	0.014663446525787419	0.018024107947287663	0.01428593317483197	0.014343842781554629	0.013396252062002288	0.013994725085742286	0.014124480853823519	0.012388047900904505	0.015233179600416145	0.012860461892006313	0.011900202196503484	0.014668572358262934	0.01599072516673903	0.015262798014246848	0.015001383482012957	0.014128066473964102
NW_023496808.1	7158538	28	0.009573930676696442	0.010519832812461756	0.010813052085090357	0.010101652438002843	0.010568384578076604	0.010028961370910775	0.011011086292289234	0.011894593284636271	0.011855584836977637	0.012769446310447073	0.010970077478617982	0.013036020499251646	0.01056373649933904	0.010827252096005383	0.015165471453953541	0.010316599939709641	0.010151299488930397	0.009713721487765625	0.010151533147439619	0.010616534705787486	0.009544451102931796	0.010588480555751137	0.009366169811871612	0.010782712543258454	0.010717907268382615	0.011786648801155973	0.011532684004756584	0.01008754494581723	0.010514160355142464
NW_023496808.1	7159708	29	0.004288949160235512	0.004798743716020804	0.00463058455031529	0.005474271054979284	0.00539419655065821	0.003431633354114482	0.004559060701671947	0.004438045173845327	0.005350979148411393	0.005086116725317804	0.0049582885249306085	0.005701626174997063	0.0040590801803854345	0.00435803625378519	0.009507862227633999	0.004263722842877945	0.0036493768996627733	0.0035933148147815445	0.0046261134235933525	0.004417269693916068	0.003739990220846163	0.004594800755043197	0.005213791996607714	0.004858183171174918	0.0046242414120772745	0.00489207745974524	0.005518972793869015	0.00479000077233576	0.004177826276166815
NW_023496808.1	7160730	30	0.009693637356882185	0.009891120562535998	0.010600950931548947	0.01413450572781515	0.013855905032620656	0.010512161737645964	0.010661532893720543	0.010682346200546275	0.010097899439216879	0.012149322606691512	0.010781743885631205	0.012578275054893605	0.010475846851412701	0.012510035386125154	0.018864363193287714	0.013344390111498131	0.010768544513444481	0.010358926056711137	0.011315168992559828	0.010805889654642704	0.010325131142149547	0.010766834259294847	0.011177356971256549	0.010398351506145138	0.012617320238487773	0.011377716045636668	0.012432768314963635	0.010723766739460098	0.010332504568368343
NW_023496808.1	7161755	31	0.008941912007715113	0.010200036491400631	0.009285466357472103	0.010678967180872911	0.00981235693504548	0.00860528699433258	0.009518916862889222	0.010183154043319393	0.008907657705362016	0.010464129652009801	0.009791586605017917	0.009821863484531927	0.009375308790246837	0.010269822126359037	0.014544942083322717	0.0091553678482915	0.009259598450146993	0.009344333375153512	0.009318647698140888	0.00940561771236251	0.00821393856114821	0.009661416112256595	0.009432161136437951	0.010706701885810573	0.010245327136696411	0.010712639591383539	0.00992612550670093	0.01019967783725027	0.009620004642299762
NW_023496808.1	7163063	32	0.01607298846698427	0.01763414794046726	0.01517506051960498	0.014860238884627697	0.013609696816771984	0.01598371539400051	0.016814284934944208	0.017078473813851115	0.017518847931259036	0.017350264228612067	0.015587854890067762	0.014796596240234067	0.015646475574203313	0.01590128829238098	0.021160541462718573	0.015557928918488903	0.013735572001630664	0.01451912628295486	0.01588408754367812	0.016420947085497992	0.015009509304369907	0.01685776426095101	0.01746100448283424	0.015447426721194564	0.016923673797833685	0.018236461895400256	0.016300452107872284	0.017458159610687272	0.017199562191739612
NW_023496808.1	7164135	33	0.013286956777539178	0.018600222989698847	0.013860381988036014	0.020635854367648032	0.01904343593771591	0.010690379271802204	0.013122040662898174	0.01652263509720015	0.013874422362685903	0.019306315745506716	0.013784818339338574	0.02130097353295851	0.016354445453166284	0.019141622352724194	0.023351967224678086	0.019433869337028828	0.016842449764646363	0.014868562140758625	0.01956845021129016	0.016997129408220617	0.018119073474777102	0.013487268766439199	0.016152919753734677	0.018237788716329265	0.01757983843028754	0.01705040371015818	0.01646720935261583	0.014839030013180564	0.013797149838205016
NW_023496808.1	7166128	34	0.0031377849831298876	0.005621072365175175	0.005965295806459029	0.008020109019784196	0.006555492377595328	0.004221780980180494	0.005261858437963179	0.005553004155318971	0.005433492976572528	0.007676921555565625	0.006639705581598131	0.0076644302808302105	0.006538410563020199	0.006432116859830143	0.010159874702401182	0.0041861207530847055	0.005328195055493032	0.005085212925276698	0.005662347924598909	0.007014469542421515	0.006934245666696402	0.005732242038007146	0.007242848038639952	0.0074678000451492395	0.00620632889948008	0.005507120929022897	0.006332950491444009	0.006039975733305594	0.005006339325873116
NW_023496808.1	7167131	35	0.006080145590225203	0.01438224963637165	0.014027885351238955	0.016784470271790867	0.01877880571579195	0.014565747992124909	0.012582800252435038	0.012813217456606782	0.01396041246626667	0.015932193157261798	0.015371331736132095	0.01655307461868762	0.013716590193569704	0.012002486691447286	0.023274634583508397	0.011403380560903958	0.009025663783614926	0.01491013416476723	0.010690727671427227	0.011541825464328446	0.011089730135834386	0.01543426489993112	0.01324565880483776	0.012853036233160642	0.013883413074190876	0.014565416907033444	0.014709293904334605	0.016746152976511778	0.014427886564385092
NW_023496808.1	7168153	36	0.006941536941860269	0.008811702737130667	0.008908804841706816	0.012145514732455925	0.012188980652835881	0.009457640626842647	0.007174642384257237	0.006722914356036928	0.0067135301055420895	0.011852232082663783	0.011155716523452666	0.010962572017850104	0.008343026878654666	0.007881417419994255	0.013205136290991277	0.00924942600845048	0.008761488805024403	0.008013488345760107	0.00991188238426804	0.008226166088773964	0.007351589746424851	0.009407825711990777	0.005536882676508981	0.008783477933294308	0.010117716661268794	0.007732155305603826	0.012067662987386152	0.009373250306986507	0.008723506327598798
NW_023496808.1	7169252	37	0.0025705338173689107	0.0035582157033653395	0.002701021866955683	0.0019538825251549916	0.0031935378403728566	0.0031643489079751464	0.0027713031340986334	0.002801941186751481	0.0033847644435028067	0.0027819322258455913	0.0024511134270886006	0.002979853278830013	0.0023092502263461477	0.001957237970857944	0.0033985681465944955	0.0017521768375475327	0.0015685100794121426	0.002452855571048192	0.003011966372642463	0.0030695555595055962	0.0020666020484029564	0.003259424877268879	0.0032128690648887716	0.0038308913329880255	0.002694143388914942	0.0039899844570871965	0.0026804850507435854	0.003403420119636624	0.003331828311703991
NW_023496808.1	7170366	38	0.005429000219510589	0.0057705188129133994	0.00532366194207256	0.006254998084591382	0.006710727835550052	0.004022274293203535	0.004851779304737264	0.005980365924627665	0.005592744801941167	0.007765906497398931	0.006844929657636525	0.006710228275828115	0.006300268252378679	0.0058662206819165875	0.007936072290572202	0.005811707334808976	0.006380489280277994	0.005863595842706932	0.007457866114673404	0.006590318814472748	0.006287626063315275	0.005068136116695045	0.006554811603962471	0.006927541024210159	0.006751553737624823	0.006190611563099709	0.006968003390058772	0.005741180856956484	0.004161021542729023
NW_023496808.1	7171596	39	0.0022589268985531903	0.003560593077357089	0.0030275248500912385	0.003951300207044932	0.003588049043663043	0.002894023465422943	0.002819482991606996	0.002612394339679696	0.002675102640734347	0.004190545741218383	0.004029052677112462	0.004073412787667512	0.003053454343105791	0.0033168965632870647	0.005047121273258128	0.003075416507045381	0.003158642404283518	0.0029690825606053387	0.0038668437798344223	0.003859450143618446	0.0033254256782665934	0.0032206717885342965	0.003192452438461813	0.004428093788447792	0.003876588039706046	0.0039917626577811735	0.004325263725987621	0.0035911284720040884	0.0030197668330024436
NW_023496808.1	7172679	40	0.014275862067976505	0.01593819518873574	0.015302960054876448	0.018290951903759824	0.01551008358197801	0.01577895013970877	0.01488325161661959	0.01527377249650168	0.014185537255246785	0.014187878011865615	0.013456057132672328	0.017066088179986443	0.011953107493238326	0.010626300079113101	0.023821713697820088	0.00828669675074594	0.012609539677432882	0.011500021198351976	0.009827924755058148	0.012741802401282787	0.012990802803167018	0.016555225260706925	0.011346765265891491	0.013236833277542848	0.011032678635112628	0.01610037036160643	0.01432391885305159	0.016100606379847154	0.01742503274472414
NW_023496808.1	7174818	41	0.014550706767936183	0.018497222987454504	0.017387158982632107	0.017507526631455026	0.01439370544463627	0.01689172235555962	0.015580832999235641	0.018298322485400087	0.01707600662044244	0.010598462975484913	0.008570544768833987	0.016264623891439088	0.013623292021578063	0.010360702603485164	0.024440519422479996	0.0034680634839372904	0.016162001809547875	0.01479072912902953	0.00450722021221067	0.014409552709949723	0.016424397440107985	0.017714944448687615	0.014546234990620988	0.013671097097872413	0.0076620232707230755	0.01764536698733987	0.009656121894385208	0.01822725219823504	0.017012163646704243
NW_023496808.1	7176146	42	0.0061802301158688	0.007675594871016097	0.00751943658396642	0.010296967646912888	0.010920209776056641	0.00815279873563742	0.007593151583623833	0.0077104940292756965	0.006921668124452801	0.009798032633439318	0.009055198367831665	0.010777704310920668	0.007797990107417256	0.005338643012680497	0.013367454962789925	0.004746478224034171	0.0061082489581128566	0.005726879539167536	0.006180070020661149	0.007500767931872002	0.006841505146797781	0.008128260403546196	0.008126059333839268	0.005854828355877372	0.007466906629652699	0.008078818411504622	0.007374900228334724	0.00836069478754619	0.00817227171180503
NW_023496808.1	7177206	43	0.005723752600049978	0.0074130534169999235	0.006407190174849172	0.009303168845693629	0.008489481768349065	0.006897188331322919	0.00615182963858981	0.007374624500160944	0.006549853415931363	0.009739755248273373	0.008962540314298327	0.009152997653000476	0.007347390410649847	0.007951137811722542	0.01252498073558659	0.0062845757267852844	0.007447132466700108	0.0066098248540606966	0.007624225928790474	0.007740302197463801	0.007432028514886334	0.007951461441406028	0.007836627653908202	0.008456998983198391	0.0071433096914557395	0.007523826858104106	0.009002360888472798	0.007371672887647228	0.007879113265562506
NW_023496808.1	7178238	44	0.006427402617769348	0.007580131197855256	0.0067224549109460635	0.010413388690540084	0.008659603052945103	0.005595407890604848	0.006485666917902077	0.006790370286320062	0.005963159396139883	0.009537237151059088	0.009118280681419937	0.009415451842317422	0.007360126452778338	0.0062151191560642196	0.013057303129617427	0.0035585907355207597	0.007289725477439334	0.00689674637213764	0.0062445736405378535	0.00878379743936854	0.006894504383266438	0.005836589833940982	0.008781861378580322	0.008595271495187766	0.009158212984187083	0.007310294258796675	0.007866686434758031	0.006597702718260496	0.005984584962960183
NW_023496808.1	7179238	45	0.0223908915109637	0.021511417275957366	0.022211687604872115	0.024201358276775158	0.02486809211801146	0.022655927408847323	0.02077706954582526	0.021229242068264854	0.019123918985445118	0.023959023197422435	0.023027766347230902	0.02393265087914532	0.022344619178146927	0.02499175498127307	0.033253120977054816	0.02084400207009079	0.02491126455245887	0.02170165979182861	0.019492042610272167	0.021769043038306794	0.022580808980666757	0.023833090427295322	0.019490959805732504	0.02082759789622162	0.022621429263143797	0.021469295220395243	0.02470455613431197	0.022554168522333804	0.0245601038332789
NW_023496808.1	7180311	46	0.0015236333463760333	0.002637015181398676	0.0019709193470415776	0.002389732936886582	0.00302185753967753	0.002093985325232984	0.00162571908640778	0.002353098715453757	0.002155516172961309	0.0023914082989674804	0.0026025076153506927	0.002416804837322825	0.0024616957283215756	0.0022632905321295707	0.0035668900089729414	0.0013651996732325954	0.001730778612352315	0.0021161119179246676	0.0033511438416058297	0.0027573067355136306	0.0029301837775445342	0.0026876501984653767	0.002731976347969691	0.003594387346718069	0.002581398083210546	0.003139385054960835	0.0022332015906155476	0.002497109465502721	0.0023027161686482458
NW_023496808.1	7181333	47	0.004876310611330966	0.0047304077451840116	0.004633979925085383	0.005788851711276047	0.005310672790816385	0.0048029372943181135	0.005756144674390711	0.0044773900158077504	0.004426617820892855	0.006030408674299527	0.0054272293726480925	0.0070007565937885916	0.003916175541958593	0.004987508533277354	0.008375698910742392	0.004450939534151377	0.003994177409966914	0.0035009491478640215	0.0059436273958819305	0.003994067619127143	0.002939595506859322	0.005082341095814265	0.004645369312270878	0.00423204917561819	0.005018688286592011	0.005428451310317279	0.005297697023511617	0.005202148198349713	0.004727255918947514
NW_023496808.1	7183300	48	0.007833504901465418	0.007718555725840296	0.007522384496801468	0.006739428555314163	0.007615230088341816	0.006327898294669418	0.006730031682553824	0.0069733578237295805	0.007069440854706	0.008273772379903696	0.006674716939418806	0.007630210469325064	0.006997808381313655	0.007728762007224033	0.011363867915604946	0.006670206114814238	0.007970924460137753	0.007068692446735979	0.007259620057559134	0.00767016907605787	0.006779440402013511	0.006546498159114792	0.0074464025048689994	0.007312122019227793	0.007106377051548851	0.006911845538038895	0.00797495602396973	0.007668893109543747	0.006978194907146443
NW_023496808.1	7184391	49	0.007723055904368426	0.010270031303188301	0.010044599953672285	0.011056152567735567	0.011757238808151035	0.010317901088586183	0.010267757601713749	0.010548374890566111	0.010386091984780098	0.01142050008641242	0.010274266586960805	0.011255036890801227	0.009284797000439127	0.008889006042496607	0.01648698295187783	0.00733930664736481	0.00927115019865768	0.008290651775685285	0.010791745816858512	0.00916211408478826	0.009412146598549368	0.010778432980260155	0.009715235128269701	0.0102895729048796	0.0109833448368461	0.010750724518196758	0.010279597437216396	0.010831772002995526	0.010846761220623455
NW_023496808.1	7185712	50	0.0036109812934106192	0.004399877590535074	0.003591491122385885	0.004962629087455892	0.006232450334156761	0.0032987157654175325	0.004365515704034517	0.004012846571882272	0.003999183734767014	0.005479380645638219	0.003832063077612762	0.005423969141437237	0.0036730330690429836	0.0033007075084611225	0.010854546328838163	0.0019446332497786126	0.004244072536679969	0.0034579485553967015	0.004969224222591754	0.004167007067766293	0.004541437734580996	0.003885533732973226	0.004534540574611641	0.00424623063054721	0.003899191958392898	0.004962054890746867	0.004493845207645499	0.004501302509904931	0.003413247260439019
NW_023496808.1	7186940	51	0.012924136886224508	0.016297078888985177	0.01691950459791161	0.018140512018030117	0.02138625046258894	0.017072006093219176	0.016779900019217975	0.016689231197809542	0.018330870717218607	0.01847759121857094	0.009172048231589494	0.022956051625065536	0.018021010267511545	0.012460627575216647	0.02280833838744097	0.006085584852756421	0.019366425662652086	0.01747146144252518	0.015666711050707324	0.018189990248740448	0.01866417723432987	0.01951469514517437	0.013770447117224858	0.013893187860152624	0.013390098952866934	0.0174364243028371	0.014401489482714198	0.0183281578814772	0.0162060898998123
NW_023496808.1	7188188	52	0.009053638449555703	0.018728295209538313	0.01932758013986507	0.02086435774111173	0.026450460428249344	0.019093491641745845	0.019188702369051167	0.018871369761127268	0.019472644025343114	0.02335585056218212	0.012933264678511266	0.029066757168271787	0.020084328166104937	0.014384837901150369	0.02961817183746308	0.005342322093479803	0.024489521093828258	0.021201181972750456	0.016619391151891656	0.02006705944532004	0.023302373696303974	0.019841745093146426	0.016356582160547032	0.017253777121400728	0.01780076107589014	0.01922098072207252	0.01992065006461147	0.019745156893793445	0.01822758535956546
NW_023496808.1	7190182	53	0.017030887568692994	0.015314851071765001	0.014851727711327728	0.017283976350748773	0.020698113415115814	0.01725084788054129	0.015005402271752477	0.015181043783157584	0.01658646198721291	0.021663489651413282	0.010876748479270979	0.022335019433454176	0.012919090862829486	0.00984814285778329	0.020979052479681713	0.004102256562890942	0.015226119542055242	0.01422782016725026	0.00958671052780191	0.013218758175411287	0.012996169009538585	0.014200339312324244	0.01249517991059935	0.013631533231427115	0.016095381367003638	0.019409355399535155	0.01712801563030216	0.016721744128250008	0.015438273770044385
NW_023496808.1	7192076	54	0.008560640483733688	0.011872579032594092	0.012046895531683945	0.012234243283825653	0.014867208414961159	0.012224960933338913	0.010853991756619514	0.011555981742994553	0.012473149153314137	0.015211668492423454	0.012842838820428717	0.012911537200547272	0.010535896262169076	0.010602293550692473	0.01632739302969646	0.009463540002591054	0.011148958144918982	0.010490474905848167	0.011555474661760481	0.0110900442563518	0.012047451657846512	0.013159060896634406	0.009790590195713194	0.010900230359763669	0.01277379987389522	0.012923141011613517	0.013635004843138326	0.01246130354864445	0.011816561041417963
NW_023496808.1	7193239	55	0.005960877362596448	0.006114016873998303	0.006603085094438771	0.008845418854205611	0.005879807150743839	0.006658147280433609	0.00660935042329081	0.0058091843407406755	0.007264404810453824	0.006592159664571927	0.004870127435920032	0.0058967941463698844	0.00422561555008623	0.004207578664533683	0.010811438096260102	0.004270567664518501	0.004228833801251465	0.003481415815158236	0.003645432193174507	0.004083003445333418	0.004370924811841273	0.006805739003762381	0.005046525430603443	0.004766224071866458	0.004733413752807946	0.006783329910726025	0.006451680077046057	0.005954149731378722	0.006098388100146324
NW_023496808.1	7194379	56	0.010920941890223251	0.012295982196176072	0.013710106005736567	0.011716643545679632	0.01203623905911577	0.011786782442913105	0.013005255767444185	0.013458222150804583	0.014102513449945805	0.013288077631730713	0.00840507848214905	0.011197262693205319	0.012395512040254778	0.01084432310367366	0.01703066645957117	0.007418844247134498	0.011946313609489723	0.011547244351975584	0.00835398811804225	0.012215305537553308	0.01278063613025735	0.01342550561749514	0.012208288853544039	0.013358528579237043	0.009862369147297982	0.014887414599182355	0.01029752912297328	0.013190779082924143	0.013887440808850154
NW_023496808.1	7195479	57	0.027752635387150063	0.02882850162871867	0.028741461417945948	0.0324888784756038	0.03236838523288537	0.030287785739548073	0.0285021138441451	0.03045951368243474	0.027801660653501512	0.032040898134522204	0.027756504730896813	0.030847675777948936	0.024029318866352078	0.025111704538259932	0.03960999282027889	0.020367226014825265	0.027648710907976676	0.02302074472257297	0.020118619389238625	0.02240946355357514	0.022173713986741037	0.030585941246268584	0.018517535242331375	0.02316455554704477	0.029108229281701297	0.030894795531397547	0.02839067291454709	0.02851985969858321	0.029448989435320136
NW_023496808.1	7197071	58	0.006573315033493023	0.007989360173665213	0.007928661242916699	0.010075026002351111	0.009820358685214386	0.007712077952278676	0.007849843483184077	0.007538510545190982	0.00800470569640248	0.010019000731308134	0.008834333518231234	0.009861800693419681	0.006883618408041458	0.007246035686035294	0.014471898671064203	0.0042803116086961536	0.007313396176122229	0.0062097920606061585	0.007408801566958143	0.007526953949456062	0.006591634864418296	0.008614191090543712	0.007657977953652103	0.007114365264494375	0.009483537302319458	0.008664662020295064	0.009100287635833346	0.008394273167468264	0.00806657436498187
NW_023496808.1	7199982	59	0.018601551556778693	0.025122035386509745	0.024346972508711977	0.024982066401719828	0.026998986034342976	0.024701236419487547	0.02469123512981638	0.022819968681490024	0.02365471060428418	0.024827876479594103	0.019097585385928484	0.02638927526214053	0.020982131587228572	0.015548139962784474	0.032397642387624846	0.008288779053279653	0.020834529659403817	0.017457738871105872	0.016691728973286954	0.020137313175218694	0.01675967886867139	0.02670920204363522	0.01940470027151274	0.019729622890833794	0.022145139931701065	0.027662205294515654	0.023318917083668067	0.025737500388565215	0.026337937684005493
NW_023496808.1	7202266	60	0.012430371798555157	0.014159745216485439	0.014954177178835328	0.014097107354663553	0.015106964321409457	0.014370567217528323	0.014771046291739628	0.012111036924986251	0.013690099851865126	0.016277728123476016	0.014500900393381881	0.013418433104531809	0.012083138984194153	0.00958692906781155	0.021439007415720374	0.006630189705430196	0.01225609988132616	0.011726305663906925	0.009348109508640104	0.012474135248191968	0.012833759703581102	0.01575000702377083	0.010540619154384423	0.011763423505094742	0.014237028917712983	0.014238002876647744	0.013701645918885405	0.015161795566255952	0.014791810827466853
NW_023496808.1	7203459	61	0.011357070892289624	0.015288078091358433	0.015819448930661326	0.01706447267094125	0.015720278080458783	0.014388679866794799	0.015430065413466997	0.014447427752960684	0.01515618332117311	0.016415674891083813	0.011972626123582195	0.017584919935904695	0.01178550241406765	0.010259514731458644	0.021443426029745853	0.005349493157655028	0.01256542665956477	0.011042206880813837	0.009010918004085024	0.011564439723209578	0.01164409722098089	0.016473810000385766	0.010195986794886548	0.01248827952795746	0.013466416922137755	0.017277610826948706	0.013755144699330278	0.016179726410959657	0.014746646715641042
NW_023496808.1	7204662	62	0.010004419868816705	0.012538287995817148	0.011954852939399954	0.016054226602258376	0.015385041842926479	0.01183208389843602	0.012725924011167426	0.012105185040268071	0.011862119485066082	0.01345380189493369	0.012314934176990932	0.015434022815928284	0.009349357106223439	0.011456920763735404	0.024110473642915718	0.012200068223357327	0.011456894191164649	0.009030606548718597	0.011826962246425893	0.012556740169241307	0.010873350299406831	0.013134672924816489	0.010078292436193391	0.012331964738084449	0.014419454172666053	0.011698597732504878	0.013749312621590902	0.012461189338220522	0.013186462895287283
NW_023496808.1	7205709	63	0.0067612330265273786	0.006537271001889443	0.0072794040397131865	0.009925573151588978	0.009989510966453296	0.006770039979527926	0.00771914632999457	0.006801744204267773	0.007636130354608977	0.010323366828651757	0.009276488786989369	0.010875709077416024	0.004866907029051282	0.006858210098172041	0.015321441815533257	0.007537809466268752	0.005352008933226749	0.00491458137476465	0.005005589959138951	0.0051715800510921195	0.005348770891563883	0.007869321736760172	0.005081733596833697	0.005861854324220144	0.009585457057496753	0.007504902489090534	0.008831481459344152	0.007756489222638274	0.00810975021833004
NW_023496808.1	7207015	64	0.014672858120406574	0.018235367527158843	0.018807221724191244	0.019973827634377765	0.021147889208640514	0.018203610129233487	0.01839236234607869	0.018739866317426093	0.018855969492745494	0.020520763856572023	0.01863212779222785	0.019249608427433416	0.015890656513447513	0.01673547366114613	0.024686625741131816	0.0170324221774317	0.013869815001790855	0.015674594647283123	0.013214949862401421	0.016232537930847658	0.01430759241326773	0.019864891395842892	0.01504510919966864	0.017241112180644953	0.019168024499735793	0.019485982053086003	0.01969971366136781	0.019562023196322487	0.01943541704644479
NW_023496808.1	7209029	65	0.020208476291808188	0.03050120470839087	0.03107840426192498	0.03428344800711889	0.03376018094245879	0.028746461878048163	0.028314406989741844	0.031399644694793595	0.029656891904782906	0.029077139260492598	0.025549611880126343	0.03518204150339476	0.030235653354323974	0.028688859293628258	0.03641139097920658	0.02245446310618643	0.032444021554460946	0.02941935687150578	0.026403285699904275	0.030987190837301726	0.03131653354361775	0.02827419854096658	0.032477081035663734	0.035722008686032605	0.030787048961491564	0.030417913611507193	0.029294075619306126	0.03373999608430703	0.029310286686275975
NW_023496808.1	7210666	66	0.005056724671354925	0.005236275576828745	0.005039562652534952	0.005282663950062528	0.006274316157596867	0.005289679497549836	0.004842035635416658	0.004747435899064432	0.00607968437948759	0.007282999329388457	0.00553457791463748	0.0046555249570902416	0.004506706490647108	0.005163532011048345	0.009063712426918155	0.004165730722331968	0.004383676443750126	0.004409172999300647	0.005563185126945793	0.005315715190193053	0.004812758329636115	0.00577573569102867	0.004447027530346612	0.005584681327959504	0.00575258239015432	0.005850135102597293	0.005480799420732518	0.005822383173439167	0.005390444801304824
NW_023496808.1	7211678	67	0.015822741866705244	0.016234600351934574	0.013515942123892597	0.015488770901518742	0.014167354042681836	0.015414226385590785	0.014680698597370744	0.013322571226340518	0.015983074642514354	0.018923614143837027	0.01697697014900014	0.015755751236666837	0.012761853023708393	0.012462414799648434	0.02640376984275588	0.012741511339833696	0.013502298056534929	0.012161170643560863	0.009724001499600971	0.013023048779670829	0.011805064826111144	0.01662668863967526	0.013378470103817175	0.012281048376494838	0.016179348235390807	0.014304299934204939	0.01684359794418758	0.016148875035595422	0.015967384767341757
NW_023496808.1	7212728	68	0.012369550470028684	0.013326407559439334	0.01267605692323119	0.012038864406750649	0.012680754923253584	0.013042525484572725	0.012201221991838403	0.012731722518075844	0.013224342481808468	0.015868061973522734	0.015839392021075163	0.012835553438494433	0.01044650010188857	0.012530377085755169	0.02084270713110224	0.01100157383839271	0.011207592670205095	0.010750967939100691	0.008992422052688187	0.011046701248886008	0.010628518700229137	0.013516832090315624	0.011011151561287501	0.010566698186572748	0.014344064546110268	0.01531528385344555	0.014301610898799359	0.014553277118991912	0.01300069383092853
NW_023496808.1	7214189	69	0.00432924937927735	0.004842396419430748	0.004658730695998585	0.005164594389639604	0.005478781179294468	0.00514392840576463	0.005200726724631735	0.005073437616057729	0.005193143786553544	0.006788602052827345	0.005561788111012943	0.005031943012186305	0.003997438078040959	0.00453081956865652	0.008891187321346057	0.003550114730071184	0.004292437708832565	0.0037445137583728663	0.005200135001512893	0.005441010095800637	0.0038727504123295307	0.004993105223680697	0.006306674043182766	0.005864128053451147	0.005645545800126247	0.0073580295464779595	0.006421275862239655	0.005385721806198345	0.005488129001464385
NW_023496808.1	7215228	70	0.018085014127230153	0.01829507508064989	0.01944064096357735	0.01715195753355325	0.017502644600163052	0.01944633480338658	0.019729387977445792	0.01845488382248238	0.019540120522099254	0.017643925060265554	0.01800348061210609	0.01646340364473137	0.012584996365004292	0.013509550610970708	0.02184936741070776	0.014134208332328627	0.014458900456969046	0.012117286734105764	0.015492599514490942	0.014031891774263457	0.012652180748226332	0.020045147981191565	0.014822880695189822	0.01509882303337218	0.017014794303127054	0.018726861388877136	0.01757697665847369	0.018525913397787423	0.019836051942784497
NW_023496808.1	7216374	71	0.010461672034880899	0.011960848868903048	0.01169178544671655	0.015670660354178283	0.01652368880846997	0.012870240314941347	0.01206239945046972	0.013724211797012728	0.012715998180676754	0.015769608039292435	0.012771321031940482	0.01705671894446362	0.010998109773620025	0.011759449897458227	0.022807630697881564	0.011842005091259917	0.009812163394258286	0.010022191365759535	0.013114481732838402	0.010634589313790268	0.010632946048556505	0.014819360559879216	0.009353668449995549	0.01175089111158993	0.014747467859570791	0.01256349411135625	0.014323272525175117	0.012739632665037418	0.013270850535889486
NW_023496808.1	7217456	72	0.00473261209598126	0.007280657204560919	0.007005311707162001	0.007668562823833284	0.008290560913398169	0.007546200105555746	0.007147733033988194	0.006978951162228531	0.007148762309148494	0.008869842525690248	0.009726649497039311	0.0073265008451083614	0.007137149235796023	0.007666566330261954	0.013806230425083122	0.007545636991040366	0.007330723235078858	0.0070691622276391345	0.006888554348589884	0.007452055931591423	0.006939137008631871	0.007947304475039229	0.007104580931644569	0.008409888538972834	0.00826167209114437	0.00853924051676408	0.009339884278726661	0.007660484073931166	0.007664697870290639
NW_023496808.1	7219615	73	0.008521803337994243	0.014538289258383779	0.016962306390354797	0.013742781355476939	0.011963481859617752	0.012645607396653574	0.013604711124279353	0.014993341488878022	0.01564411652712734	0.011858497273738769	0.013163614212464838	0.011284641895096557	0.01720075423809761	0.015514955705500324	0.021103727315127177	0.011920774942282712	0.018021963178568735	0.01793397061861232	0.00951239723442277	0.016318985563343404	0.019339777918239664	0.01310950936778853	0.012739251115555603	0.018275115482442126	0.012468463656990742	0.015623256179978983	0.014114688117212512	0.014281527589202857	0.012130122851180604
NW_023496808.1	7220936	74	0.015181836726810007	0.015773957356245073	0.0158762033287992	0.01713074258311475	0.016644713652168477	0.015503624572100742	0.016374574652475344	0.016608760703618282	0.016208246096026092	0.015938439677731144	0.015345077535907652	0.015491762784344236	0.015562412378872844	0.01595424479350269	0.02508888622558823	0.015199916883221368	0.013661082823956451	0.014152343644218572	0.013253681170204982	0.015770029058493867	0.015507122773414721	0.01631577995666297	0.013991390951031553	0.016358027689186514	0.015165366817087236	0.01723897222921867	0.016651993401396437	0.01615513225555134	0.016088085874774314
NW_023496808.1	7222082	75	0.006264760611404753	0.008955767036132205	0.008540089575426504	0.008173797629783094	0.009134246254186717	0.00868501449412568	0.008434496754461455	0.008390857069204708	0.009020017091510272	0.01129670753021172	0.0102282145269484	0.009276583947070137	0.008767091404937317	0.009523007589312397	0.019354176180500633	0.00918736966446859	0.010133672006963494	0.008799503867456851	0.007773316600460656	0.009441710789894035	0.009777269936033265	0.008781440613172755	0.011071017269163465	0.009510250922112959	0.008984266023540593	0.010488616294476033	0.009686760394155624	0.009199090984360898	0.008002421565341273
NW_023496808.1	7223273	76	0.014245091009821187	0.01841119679037479	0.017678734950547042	0.022229293708172435	0.021072375822855045	0.017417113869304227	0.017755417466014063	0.01779555499757104	0.016647080549447146	0.02284720458433537	0.01895618570939583	0.02299848329454167	0.020000896723835523	0.019373558961980803	0.02941754481465571	0.015998266164149573	0.021520324097728444	0.020174174952878463	0.016898610031544085	0.01949511978659461	0.018650768417112627	0.018689526968076173	0.020118755662692115	0.018533886480439916	0.019307401890260152	0.01885919036222734	0.019019993528904405	0.01822618965075936	0.01774504391068689
NW_023496808.1	7224367	77	0.010465340808857528	0.015449628670213723	0.014842194344224145	0.01399922477614012	0.01486868502658014	0.014681423405438602	0.012445661167826227	0.013810614338669367	0.015650551637583845	0.01505828791899464	0.015247649532497527	0.014430433793802452	0.013446651023486179	0.013212919239730217	0.023160412378498328	0.014585359647726854	0.012876025873180222	0.011136548432051996	0.012740711689211795	0.012626917595432177	0.011829141332975288	0.015243501212326274	0.01595961937021992	0.014292498030372226	0.013834158649837686	0.014276507102437925	0.01389241011718062	0.014274534473626114	0.014833921079290038
NW_023496808.1	7225367	78	0.017521612172628865	0.029169154865985432	0.026592959424167575	0.022351324220796106	0.02643678052974616	0.02452289554538456	0.02178113819443338	0.02415612633871946	0.02534542465885979	0.02385626590651861	0.027051959595729425	0.026265320644366073	0.02892046934847242	0.02601022165568832	0.03456844054790431	0.02647597163199166	0.02671865079027816	0.024449794117092024	0.02276148912794961	0.027334774484299905	0.024968103531442718	0.026384401515803547	0.029832749744100287	0.029029882698118407	0.024900370723341177	0.02616424006430484	0.023464411105539786	0.026416322622527067	0.026026152752751552
NW_023496808.1	7226518	79	0.010797146408782963	0.013416139996445484	0.013224933005529904	0.010152802713471088	0.01000231642051278	0.012026587098388298	0.010815171042932226	0.012598752938917913	0.012584312415804624	0.012685358243486747	0.013610360468249906	0.012001273421525474	0.016570528148815857	0.013864943158030937	0.022033028641512718	0.012214548289317959	0.013335523325312999	0.013155723122040308	0.008463882694990868	0.016338137865351588	0.015142690334779092	0.011962851311974651	0.01525547045269781	0.01602763512985984	0.012296990686296598	0.0118649160687295	0.011140440668043695	0.013269770771507665	0.012946928688806352
NW_023496808.1	7227616	80	0.006530061266513182	0.007836840688729823	0.0068106183386722864	0.0076615042386539494	0.007881721043755749	0.006896018244054637	0.006984914573290967	0.00872335622163221	0.007635741543357652	0.01011703574646853	0.009021877211842614	0.008811206625793553	0.010013105227860128	0.00885572332709675	0.010319598341119302	0.007253483419787604	0.008516246676903667	0.009808327609873439	0.004662438731520305	0.010601526867715231	0.008707814886544362	0.006780746210164079	0.010873580467103102	0.011961445978758825	0.008755615452331132	0.007228050209872237	0.008362306003950826	0.008181076889151432	0.00721777603441244
NW_023496808.1	7228616	81	0.008794465387393084	0.01170963628891771	0.009162568195796479	0.011043547896077602	0.011792249059894157	0.008763031274357933	0.0072789571805216965	0.00990081364181292	0.007985165138086366	0.011625431621486017	0.010359571525063215	0.010855583530133009	0.014181722556590321	0.011015420403656275	0.01880446243651296	0.009322807084254198	0.009943415354153304	0.011805345032679755	0.008059140526644136	0.012121346856888173	0.012482358359709842	0.008900263723331176	0.013157742054202497	0.013599299026198936	0.010946026828964759	0.007642516604904102	0.011132574894210864	0.010026275624269814	0.009565330137723456
NW_023496808.1	7229965	82	0.006455501615655888	0.011048815558144952	0.010491030932046324	0.01470457835399654	0.014164431053400076	0.011025858096171865	0.007440968095428011	0.009393639757375545	0.009855993939699366	0.01587681355947007	0.013443785898877262	0.013949279902320599	0.010842294294548149	0.012531042954486512	0.019466257214226294	0.010876226498176834	0.01055075454926876	0.0109947899266943	0.008249231569336409	0.012158301890496341	0.011046535938856648	0.011525149674582628	0.013226908432093721	0.012393389272020099	0.014662179976537388	0.009436843183089611	0.014418523959791613	0.011622975802718096	0.010784169523934165
NW_023496808.1	7231033	83	0.0028791470812693566	0.006923249363136935	0.005401893549641265	0.011465237886313241	0.014007452108345165	0.008149771854601195	0.004989476641476149	0.005061222878957646	0.006853372721749153	0.014178079692038397	0.01271770916949384	0.012834202645002887	0.008062764461368046	0.0126012989796076	0.015556533112188794	0.013097826286411195	0.008859213348907168	0.006527717793595264	0.0132803868695954	0.007512980619730377	0.005625538775040938	0.0071017625307336	0.009844403494588046	0.010050049531758531	0.013836856111868103	0.0030837983730338443	0.014093406496743417	0.007062713652709694	0.007489071976254057
NW_023496808.1	7232064	84	0.0038162877439056856	0.00651822103406248	0.006821139162277207	0.008309972636052092	0.008120420189213213	0.006459635658440237	0.004951378422985267	0.007835418455277483	0.006819857666225577	0.00886177207782517	0.008965268787459462	0.00857511691198919	0.0073369306618484035	0.0076116454698696495	0.013813410444070124	0.00661431202413267	0.008199289780254549	0.007396745541611189	0.0083426171631203	0.007889441784189275	0.008171371270694509	0.006435165222414594	0.008707651918913551	0.008199880685133262	0.008592307403141656	0.007225072005294911	0.008838609496475759	0.0061971010489648435	0.006891970315838097
NW_023496808.1	7234006	85	0.012254300720278239	0.015911013755399717	0.016746935095598638	0.015433969819354692	0.015434529083289265	0.015569209894095016	0.013137768891288384	0.014924856542037937	0.01568597340931435	0.01564603325070302	0.014342557501198741	0.014992031472580086	0.014614361970995457	0.013834313711581862	0.019996635158496322	0.013328584063247035	0.014015076154011683	0.014629370306522817	0.011753926791147744	0.014177873863493205	0.014856156502773712	0.016767709612068624	0.015425402464221413	0.016097825433297304	0.01542251111922025	0.018283903344082683	0.015464192378193443	0.015758342260143107	0.017340172683157917
NW_023496808.1	7235242	86	0.003982585821383628	0.008576064922709972	0.008526919812416133	0.007941263178066397	0.008558716880782016	0.01003920613398544	0.009026331110260653	0.008146160382347585	0.009543786455626776	0.0077013860274223155	0.006747120492951566	0.00919937839625772	0.004664863911362461	0.004703352213799644	0.011917193473621288	0.0034706459873957616	0.0033348745523406123	0.001844612860529518	0.003741462873197095	0.005563670383962664	0.004499589879207949	0.010699744256002886	0.006317529020120945	0.005925333492403365	0.007834065385123785	0.007985698347154251	0.00737219742841953	0.01001097712901599	0.008274715439014585
NW_023496808.1	7236304	87	0.006098086605020098	0.006271070662016206	0.006022712582279104	0.008754097443335315	0.009549771775230656	0.005791127546072001	0.005551666324026843	0.006121121542406521	0.006212786116288592	0.00944950538767094	0.008996542548687179	0.007890853745135804	0.007904821878323387	0.008475892949449839	0.012234517960437005	0.00855545978665958	0.006948021143352786	0.00707547462702031	0.008380129799455153	0.007415865314912349	0.0066324429121292355	0.005245497203620691	0.009425896843301872	0.008966551167332025	0.008494161011623091	0.008303017382079806	0.00853168847399342	0.006213834313558633	0.006208358272626141
NW_023496808.1	7237369	88	0.006090429262732099	0.006943999098175018	0.00611511055510207	0.013077091312410097	0.013925462722221652	0.005682374419023975	0.004069227046300933	0.0070672633768572414	0.0076503363296209145	0.0119856254806858	0.010908812194406215	0.011103219132647162	0.00917393464839879	0.01019648138834279	0.01876878135872225	0.008765306654949605	0.009963451903849906	0.0070843198727896595	0.008351707842583416	0.010003501283795789	0.010618349412528462	0.006723444784797512	0.011144306233669516	0.008473004640454317	0.012084009250680386	0.005760310458903898	0.01189146358979193	0.006083491160719783	0.0058546092268455165
NW_023496808.1	7238428	89	0.003439031126853435	0.003407335564938499	0.0031810301042512405	0.004584857791006765	0.00566386502508818	0.0021718479158348543	0.0015507500659762028	0.0027963876867892813	0.003523746655338822	0.0077014848785733605	0.006126734566658963	0.0059240632020790525	0.00498201165870804	0.005083568633676386	0.009066420870040007	0.004744636568783346	0.0036080271982189306	0.004002932836818281	0.005612970088341	0.005283323527624529	0.004693090168916144	0.0033162544136290475	0.006829372723216495	0.006161309818421285	0.006025549976672425	0.002913968616110432	0.005700012542889339	0.0029084763601149102	0.0031131846601439713
NW_023496808.1	7239428	90	0.0029108867285372714	0.004763561620523167	0.0050128976854885154	0.006059673795018855	0.006609473610022165	0.004675972658646904	0.004007218411716432	0.004788204549996803	0.005460007796489916	0.006834352961338023	0.006136404194381131	0.006116589809383565	0.005079341132411265	0.005933834988782208	0.010169530309066473	0.005628977153673542	0.005686316780020143	0.005370388757917635	0.0062551632390096005	0.00513897826540157	0.004956444614526498	0.006413625672166197	0.006932791227604616	0.006187769121859688	0.0059890745119789675	0.005681815334369385	0.00647244198655624	0.006091384384160696	0.005709535865917243
NW_023496808.1	7241190	91	0.003939900284990584	0.0045034103605229026	0.0035707622417395562	0.0056743766363339665	0.006257081872715032	0.0033470160408638136	0.0031496289916072176	0.0042058178985531726	0.0038733425466828844	0.006875965816721483	0.006277932125495318	0.006254543641723184	0.005400382839447499	0.004791918797984415	0.009142974544415825	0.005199173509324957	0.004705547004216747	0.005435732450298803	0.004796774277542184	0.006563435543738429	0.0056616990575493725	0.0030098319598486916	0.004808367758797961	0.005433165437541125	0.005927909908786563	0.0035163965644670406	0.0058564344795684715	0.003908153022806557	0.0036345480981928536
NW_023496808.1	7242500	92	0.004888487004531687	0.0073273583752580295	0.006690228027061874	0.008166796082155193	0.009710745022630673	0.006281605102070264	0.005628014954155827	0.006279536508620603	0.006043562078836446	0.008638308391956997	0.008526510819638984	0.006812429108393238	0.008282916934402635	0.0072273820138109585	0.009768190102170882	0.006917169920583363	0.008754840214903959	0.007143815239867837	0.0056663344432857045	0.007170280155523463	0.008672905898425641	0.006627058672397185	0.008602596439195316	0.01083084678420579	0.009451810649201906	0.009665416605665856	0.008080325330954976	0.007127154453387679	0.005836756491894195
NW_023496808.1	7244783	93	0.003728752056593548	0.003912039697123959	0.004094384215858362	0.004554033184711208	0.0054064707136360305	0.003818880642501726	0.004349657068616584	0.0045023177954702665	0.004539416024262352	0.00507662227621361	0.004503890109956002	0.004609616584186434	0.004488274753905735	0.0041290987342812325	0.008109064892524451	0.004199498065263404	0.004389129939775166	0.003292603967651161	0.004839680741963797	0.00412022698545119	0.0046525945937931695	0.004525182507809123	0.005158817679485334	0.005454168001349749	0.004014903385563938	0.005285021078785829	0.005004264407362865	0.0046129935443569026	0.004178224139877156
NW_023496808.1	7245917	94	0.0054318585504286605	0.007205168498214354	0.007276224549972153	0.0077844580006023135	0.0067891586149709015	0.006885095524415607	0.006662342222554326	0.007540396300882905	0.006874113125611754	0.00770379373528026	0.007263567841598942	0.006319543607579015	0.006663096443815777	0.007207773559060757	0.012552832620801159	0.007246403314741893	0.0069667971290491475	0.006091942036106372	0.00721688576885091	0.006599205081750863	0.006803987305225782	0.007569579458569203	0.007808105914923008	0.007634697318088449	0.006461864400681984	0.008154955912130816	0.007020832105460289	0.0078317681589992	0.006678970829040597
NW_023496808.1	7247133	95	0.0024276959996345107	0.002448927484239603	0.0028546625985689735	0.004996733031910092	0.00534471865157504	0.0028095631587637723	0.0028256456142129426	0.003520561187538813	0.0030036028266512554	0.004212864672557319	0.004297994930345977	0.004274113529988326	0.0025743778482850694	0.004250712171509225	0.009307930887583943	0.0047772764057349764	0.004471615002245446	0.0023121079984229622	0.006904158544987137	0.002814634946029932	0.0024451673280145927	0.003918081661791714	0.0031166340749112847	0.004364759942720619	0.003048602230683581	0.0037098817808230815	0.003943814533182989	0.0035946777496605096	0.0031067067334338357
NW_023496808.1	7248194	96	0.00226923495946803	0.00457475570400234	0.0037408533233773884	0.005691976363185161	0.005983394313073242	0.0049734114740645225	0.003922717877656187	0.0056418296345776865	0.0043794547799440005	0.006125086162124253	0.006332202023177105	0.005729947589305274	0.004572116791025398	0.0054526676740353375	0.009327358388251649	0.005364801115742411	0.006162733639050994	0.004520965576147024	0.007637110612137371	0.004776392175194457	0.005362913015422857	0.0051622075839519175	0.005430682538584879	0.004723469606941206	0.004885506296812007	0.005005007697665425	0.006062958699895132	0.004825810594392337	0.005828399127384188
NW_023496808.1	7249239	97	0.003729327283792981	0.005747614716974349	0.005977293187722715	0.005609298016325203	0.005639609418756405	0.00579108468982367	0.006245209393303044	0.007505744139826267	0.005990705440986389	0.006340044326518727	0.006681752468676218	0.005952256561633631	0.005113003716061657	0.005468661255152713	0.007683146552251668	0.005517878283703576	0.005699568986944145	0.00513833396419768	0.009395811646902119	0.004790092639652977	0.00592324435074863	0.006094439940040505	0.005542837401348749	0.005265232900049526	0.005281616223748152	0.00984124428461851	0.005585299812511183	0.007000727283955769	0.006340996133557817
NW_023496808.1	7250289	98	0.004001252281136773	0.004024436242977133	0.003926703043559199	0.005035529808361344	0.0045095450364351156	0.004176518881934048	0.003715173722460945	0.007595552261132359	0.004224294201329365	0.006144325838893759	0.0059272067526134325	0.0040517117916107495	0.004112777627528826	0.004888998120741298	0.007925091712324429	0.003445273377107119	0.004654807960772874	0.004640964193053942	0.006845353070069472	0.004235273310322488	0.004083844205000276	0.004484670959749505	0.004608555142458154	0.005501049837945132	0.00444281358442054	0.0067929027626928064	0.0041504824745485155	0.005980650397547977	0.0037973936039664025
NW_023496808.1	7251331	99	0.0023441717924053943	0.0033190658937831026	0.0027584162696151437	0.0032008366511682208	0.0029798562607355086	0.0024827124559159246	0.0029357096073568656	0.0058313491094222685	0.0024506622172100648	0.004746454050169312	0.004171523220847441	0.0031487584310121697	0.002954979748434939	0.003314611603032543	0.007649869893584841	0.0034153406925659653	0.0032592104571763972	0.003427314625388719	0.003964950575733684	0.004088273060252178	0.002726492355222011	0.0033827497936479954	0.004615312511191949	0.004273276123670401	0.0035725284270451785	0.004180673467979133	0.0037293459332265874	0.0028271837691383663	0.002849298922643546
NW_023496808.1	7252540	100	0.0017594692923287574	0.0020990796121303254	0.0025489143539714682	0.0028266994978344384	0.0028561756051190663	0.0024287591944091766	0.002682489053389965	0.002666690245933402	0.0025202062101256266	0.004318011451474781	0.0040958729065951665	0.0032889151647336363	0.002540993724834916	0.003712151772196841	0.009072129544715018	0.003629345554964031	0.002634002004883738	0.002255816149308414	0.004728673113480668	0.00287769214469327	0.0027274667026038067	0.0029204886890109383	0.0037293641161522386	0.002987885949180922	0.0038505904137427476	0.006916451861625024	0.003691582364902368	0.0029615017820017716	0.003188347460651146
NW_023496808.1	7254148	101	0.0015186622525830721	0.0014355106901809043	0.001247207006023215	0.0023950935706634723	0.002085519342812781	0.0011966830507259816	0.0016918030353046006	0.0026562300484325218	0.0013956452306949812	0.003282381857576338	0.0025123181146456436	0.0022334979353568402	0.0020316109932283456	0.002307381346534412	0.005891578558515298	0.0023889619484203915	0.0021623443338966326	0.002666389528495263	0.005481337034346557	0.00229430853578402	0.0016666179681717969	0.001968823238598659	0.002669097632070088	0.0026063227081901215	0.002426846040300901	0.006334481363039025	0.002574522311301216	0.0023231888024045563	0.0016088017691127923
NW_023496808.1	7255173	102	0.0023681588392268534	0.0014245092136180631	0.0019136337181195565	0.0025249764709027673	0.0030535443636263066	0.0015794916063714144	0.0015972992851742483	0.0044612593967110975	0.0024737129214771475	0.0028798017756666325	0.002799361018685316	0.002345087995162968	0.0018713377890269061	0.0023309975066790173	0.0054326932524089945	0.002217112393078025	0.002301263141607422	0.0016447231018786742	0.003493186479388544	0.0017936651305387981	0.0022013501391648185	0.0019673172995962884	0.002621818667797021	0.0025185746435156518	0.0022453125098402665	0.0040307521546399305	0.002798218985053807	0.0029961642125745877	0.0016108102788658617
NW_023496808.1	7256181	103	0.001646104790119176	0.0021772350833257487	0.0021777925067323583	0.0015430568405307898	0.002638822614153968	0.0019867338135341637	0.001892573879851751	0.004669896358387953	0.002831661744994171	0.0035751048336252565	0.002836706761554667	0.001489544083245374	0.0017426378890487264	0.0017783667482987456	0.0068843057735934075	0.0019969082403676845	0.0017252563328532182	0.002491476094484081	0.0049515020629162364	0.0027870076125364037	0.0020316080129080365	0.00274449925349483	0.00318105690656684	0.0033000356973470263	0.0022728225440424373	0.0073083414557671925	0.0025063164071282428	0.002814718865367447	0.0022701770476579357
NW_023496808.1	7257284	104	0.0018816120409416545	0.002005395537921477	0.002457260941814681	0.00306156929859626	0.0030512463270274057	0.0021421219020157007	0.0023123676636558578	0.003924322029397351	0.0022702599427801905	0.0034245554258761704	0.0026154724069585786	0.0026887430828324726	0.003280112862832565	0.003401064724490581	0.006768908503160354	0.0034475296433823842	0.003178744114224665	0.002790353771917119	0.004612135597885041	0.002863804031720167	0.003001709771057332	0.0022346577826545585	0.0025990648793947934	0.003903066431687688	0.0030982855622156973	0.005763982144399693	0.002598039555480781	0.004128942645881112	0.0029290919802062803
NW_023496808.1	7258298	105	0.004054404352354476	0.004052082821488334	0.0034497352135858324	0.0037646840201570166	0.00304778446466166	0.0039363605010582555	0.004387285712255403	0.003536366948754697	0.0038402754322370033	0.0046713390582876725	0.004736024550929319	0.0037835928887971163	0.003657158831259427	0.004304332245914813	0.006251744142936787	0.0033529580373639497	0.003176424695199472	0.0032598506041706687	0.004923214549570214	0.003582200119239321	0.0033649321101812692	0.0048992978408885285	0.004433639376228104	0.004535680552728687	0.00423924696971203	0.005611660116964594	0.0038736067557243606	0.004253384435164435	0.004128524012076435
NW_023496808.1	7260209	106	0.0029534653602919844	0.004114074615996688	0.003934896062597153	0.0040619413447856925	0.006213592599843026	0.0033378697219248327	0.0031204299494612593	0.0031530616755606374	0.0034807565874948217	0.0072688588873760195	0.004473571325210109	0.005459262873504627	0.005945449143538354	0.006539262988252373	0.009081213755080097	0.005717211012457122	0.0067304026545368925	0.004972245005070059	0.005834745457290949	0.005712560110784292	0.0049360723676374	0.004286235651795705	0.0055264910169686415	0.007242272013129298	0.006059198667988479	0.003948957254325448	0.0049847755381030884	0.00460948688623824	0.003562439043144606
NW_023496808.1	7261237	107	0.002609603530772421	0.003329759687536168	0.003055509834548638	0.002517787923190491	0.00332510625497965	0.002589137765018493	0.003492683137728362	0.003558814189714067	0.003187685071726396	0.003876877637918374	0.0035102920188341312	0.0025300967219374	0.0030595407154992774	0.003530858279585214	0.00853127535638954	0.0035228803746814173	0.003609764367808171	0.0036898145558135185	0.004776011090846325	0.003335956720724153	0.0028872037215733116	0.0032037643318739146	0.0046093510796389285	0.003974711345487258	0.003330088312886601	0.003693045693565432	0.0033684417611653484	0.003113760541948792	0.0030818331518638917
NW_023496808.1	7262387	108	0.0023354971284964368	0.001847139074282067	0.0021627704818816314	0.0030798243242794493	0.0032663692498849798	0.0023963518244200692	0.0022741903522198064	0.00330516426395855	0.002185903923737117	0.003696770367865758	0.002910184926662536	0.002639578203008149	0.0024902168390987817	0.002986241459723963	0.006129495940735264	0.002457781902865435	0.002389670234113913	0.0021899687296974817	0.005590464120952887	0.003072355469224088	0.0027274629338109708	0.0025101649444817108	0.002910462061500154	0.0033388082838875705	0.0027305288000880282	0.002251583276824647	0.003081860976474572	0.003030028335743073	0.002211151525502021
NW_023496808.1	7263416	109	0.0033853012616223764	0.003775244477598802	0.00441147464487399	0.003889229427226075	0.003906653842277231	0.0033232628968575505	0.004466812297811627	0.004902076641032221	0.005057845430868682	0.0066797808266350804	0.005552802616747325	0.0034530346877530847	0.003296861024258439	0.005445896302057355	0.010500714531908012	0.005198726805508792	0.0037769273518422127	0.0027128398794883666	0.006090777166020654	0.0047400614832570544	0.005049087533772209	0.003989289985751256	0.003667625412512707	0.004147461042679369	0.005573185920671409	0.0040637090599706365	0.005316025589188799	0.003918483222969775	0.0031996662102405076
NW_023496808.1	7264493	110	0.0035612883634733757	0.0050673364265315015	0.00476428043565883	0.006217905128398033	0.006474538595540785	0.00363092961572224	0.005142077686824701	0.004667279320370277	0.004924225236634338	0.008544552380308774	0.008591208384919844	0.005305964765237147	0.0060328647252579914	0.008138870456911189	0.012872658818759677	0.0077853118994530785	0.005086263942424281	0.0048114946302126715	0.00689371710409216	0.005862630595306158	0.0074129567839718	0.004967295860108751	0.006187559012485944	0.004957142714541419	0.008616846155498282	0.006027235116823437	0.007967175851208434	0.005040902750298559	0.0037666673632142556
NW_023496808.1	7265562	111	0.00245302089883828	0.0035270172829600464	0.0038393585053161485	0.00432962175497858	0.004287509644535598	0.002609209889463852	0.0031345366099392907	0.0036775031909004	0.003230248799359613	0.005413538230836717	0.005070874590718662	0.0035584018944491047	0.005243110982656982	0.004383193051947414	0.009889368720541542	0.003696347806204667	0.004319517152526473	0.0045484081835271235	0.004539239400380139	0.005371314220531081	0.00500228610098585	0.004339157167353548	0.004911653595729082	0.0053579636497579405	0.004287206771507878	0.00435407144479712	0.005644465852565726	0.003610131031471145	0.0036163653352290397
NW_023496808.1	7266611	112	0.0028808803519612108	0.003223326059463956	0.0034009561198926736	0.00369200854033951	0.00379756410120333	0.002821739433552324	0.003203727523119011	0.0031970872841348965	0.0034013818147830117	0.004569418731259168	0.004719563267677497	0.00329823702503719	0.003804124474825674	0.004788939616900749	0.008609192435995833	0.003787914198367994	0.003854091887718943	0.0032454436701740133	0.005784108239768661	0.004451860798340572	0.004015815196143178	0.0033282370089759788	0.004584391105723936	0.003461631500023729	0.004105677733101528	0.004542289777360921	0.004283913520522207	0.0030991805201374223	0.003129593928495274
NW_023496808.1	7267631	113	0.004033175627041197	0.0035391287971161616	0.003649632161183505	0.003650219182817668	0.004181950668987475	0.0034991639522640493	0.0035049346282403173	0.0032510918043640313	0.0038993758846967513	0.005123947077962132	0.005193139120732081	0.003924749707241297	0.002897343778472577	0.004796647651256892	0.009534883844265882	0.004268916546615649	0.003839256198159473	0.0024624293270615887	0.005750659673523042	0.004362843223175767	0.004472490036244066	0.0041410600032183355	0.0023139317089842675	0.002822762501004898	0.0046006842821977095	0.004390715615448929	0.004539588940387545	0.0034432956775800926	0.0035219589732798013
NW_023496808.1	7268754	114	0.003366582898974368	0.00300646572839761	0.003572606431412128	0.00379519375892436	0.00338590399150107	0.0033202402340917715	0.0033456768249434422	0.0048510536270806185	0.003539119971571393	0.003118349579650477	0.0031171042527828666	0.0037503640419018387	0.002895325923171173	0.0030314573845421234	0.006157558552040132	0.002840150470961274	0.002857915877928514	0.0026474230143184777	0.0048168394128582405	0.003668770573017424	0.002859672066578081	0.003295060529535326	0.0031653204636411434	0.004566698338631258	0.002649486947593668	0.004499892660739734	0.0034803870412431965	0.003752769341227306	0.003477846001186939
NW_023496808.1	7269761	115	0.005885631817442565	0.006298442817230081	0.007495851270684775	0.006271349280677795	0.006662376452799759	0.005203374276344452	0.005557541130174706	0.0056963964567915415	0.006664619159578705	0.00834574222553341	0.006912307619174537	0.006767236404098911	0.008777158890795934	0.0068292990175354805	0.013413145763972397	0.0066966422969035	0.007469979283297264	0.008396661497014816	0.007147387108095405	0.008209309540285205	0.007142870851933586	0.007363961194437519	0.008311149997315612	0.009754244694854823	0.007031613963976038	0.006930816220575055	0.007607938732120826	0.007417228070242672	0.005652928186561061
NW_023496808.1	7271062	116	0.006911935288622674	0.005386481467845833	0.005663384740631204	0.007787613292010841	0.008134689821460993	0.004953331057425593	0.0067741316834836664	0.00646460582521692	0.005008198158611064	0.009751999102252579	0.008296168789094185	0.007077014395456477	0.005841091413010899	0.008130923595838823	0.0106483951103558	0.007941554958373603	0.005303769486661049	0.004843533245073529	0.0064646469732051876	0.007370505007774311	0.007242001672315114	0.006180539235113366	0.005801446615056092	0.006704666670367489	0.007902817374650083	0.006744145153718403	0.008087508174885289	0.005539198105959262	0.005444685958133793
NW_023496808.1	7272094	117	0.007237809072679377	0.009941264901615288	0.00927792170204242	0.01027631829730784	0.011581271887897307	0.009902290357260602	0.009734396907802246	0.009555743650495172	0.010012472777136659	0.010267032266342246	0.010333359996723497	0.011912996130922811	0.008099161277844878	0.006250204635546257	0.014229927269189004	0.004919694581545797	0.007874502545448067	0.008676798162386116	0.006101280670883197	0.007575618970120376	0.006484912949610958	0.011027867269957282	0.007813971159953075	0.008855372421532276	0.00947718367989634	0.010568901994091022	0.009590210438889782	0.010427871661786037	0.009444714736169183
NW_023496808.1	7273134	118	0.006829341414228136	0.009177203880376026	0.009261211414295104	0.009896824616132172	0.010473453824403688	0.009865338526803876	0.009074723294138642	0.00962510642783294	0.009912685685536151	0.011359330405931612	0.010275282763219465	0.009044199704592215	0.007733565681055184	0.00836336627765476	0.014822928491228536	0.0084462877869036	0.009008108555451338	0.007945579692059293	0.009700363026420623	0.008820438972191175	0.0070522214954172255	0.0105756609215477	0.010237680172989599	0.00908910889956633	0.009977681483764936	0.009736236045199586	0.010368523966443555	0.009831162462613688	0.00892071100721993
NW_023496808.1	7274262	119	0.0080443042570415	0.009189354427763138	0.008128021227302638	0.009003285813317665	0.00949797581393542	0.008191198949338849	0.00810476451644982	0.009104458385944956	0.009576056117323383	0.010531709715781604	0.009626263197022452	0.008997291587432043	0.009196564038966178	0.008966790781811177	0.0116445004003268	0.008251369388500455	0.008843522305734009	0.009231786819314601	0.008714145264708264	0.009684835825798387	0.009132339153254366	0.008471749958824519	0.00911202672387217	0.010105972152618735	0.009620295911435687	0.010372302553975895	0.009552318591912792	0.009488043905949543	0.008363072211023928
NW_023496808.1	7276492	120	0.00322406643322999	0.003502192268404012	0.004101685408275231	0.003638055366107635	0.004456837624916082	0.003883304276308554	0.004054142293097947	0.004440358759834615	0.004819891819519046	0.005800740896297455	0.005694724127358582	0.0042365003453954594	0.0034134674107126842	0.003454516774818791	0.006805653258913227	0.0028680427884870416	0.003997478900323371	0.0037192500055776125	0.005258294414831305	0.00396904805472316	0.00387094711319765	0.005383941444218822	0.004926938623066538	0.005315600400417051	0.004879329352348465	0.004552139144773643	0.005112978650458813	0.004431614311187786	0.004861112743397603
NW_023496808.1	7277595	121	0.0037611602483967384	0.005540681539036914	0.005154492347315125	0.0057549062352807755	0.005417778066314942	0.004861536264849543	0.005512694844301289	0.008905432342035367	0.005985893529370337	0.007281969615737134	0.007080583045967901	0.006218917777759199	0.004949894399824579	0.005385592724492682	0.011849952045464343	0.004284262418258252	0.004541028389631437	0.004901693937222371	0.006119944790830231	0.005184159855024767	0.005163891340334179	0.005857927725650081	0.006499230279541979	0.005789406448861965	0.006902302326199415	0.005825004612001597	0.005981948522474714	0.006011181404761624	0.005939227346807551
NW_023496808.1	7278713	122	0.005293703074137704	0.005647521267395111	0.006202898663819315	0.0058356731979596075	0.006713665271682892	0.006162197721935767	0.006564849186046058	0.009335937747573207	0.006043294199253014	0.006526018455023925	0.005934238462023329	0.005228132359898439	0.004583353573565861	0.005992169811060143	0.008178232802029608	0.004590463908336074	0.005878258068990702	0.004465922141054287	0.004809153299851573	0.005415503504091206	0.004738517226627958	0.006274471371593322	0.006963520454379374	0.006412385449369199	0.005454147105145111	0.008769186849805589	0.005860427478285792	0.008013536253339035	0.006123346130138169
NW_023496808.1	7279862	123	0.003667663366264439	0.0024563749930290027	0.002566634285670683	0.0036294512521927325	0.004340170612801667	0.001809077821763426	0.0019049934670021427	0.0074399425444701415	0.0031197567010493765	0.005324034368832025	0.0037942780144112954	0.0024885704344774578	0.0036924798566731966	0.0037072529715524616	0.0060815496276987475	0.0038215583889031983	0.003798299648181508	0.00419484326128222	0.0038106899720703378	0.004798862984988855	0.004655235176532071	0.002509805768871823	0.005281541092981893	0.0052491556248503825	0.003874174228585155	0.005227907155306724	0.004128511486280227	0.004664593631199109	0.0025528669294344586
