Chr	Contig	Contig length	Window	Start	End	Window length	Number of filtered sites	Number of SNPs
X	NW_023496846.1	6492416	0	3571436	3573679	2244	1000	682
X	NW_023496846.1	6492416	1	3573680	3575221	1542	1000	485
X	NW_023496846.1	6492416	2	3575222	3576336	1115	1000	511
X	NW_023496846.1	6492416	3	3576337	3578152	1816	1000	540
X	NW_023496846.1	6492416	4	3578153	3579746	1594	1000	676
X	NW_023496846.1	6492416	5	3579747	3581468	1722	1000	586
X	NW_023496846.1	6492416	6	3581469	3582687	1219	1000	626
X	NW_023496846.1	6492416	7	3582688	3583854	1167	1000	667
X	NW_023496846.1	6492416	8	3583855	3585142	1288	1000	673
X	NW_023496846.1	6492416	9	3585143	3586218	1076	1000	539
X	NW_023496846.1	6492416	10	3586219	3587719	1501	1000	630
X	NW_023496846.1	6492416	11	3587720	3589134	1415	1000	647
X	NW_023496846.1	6492416	12	3589135	3590329	1195	1000	642
X	NW_023496846.1	6492416	13	3590330	3592107	1778	1000	668
X	NW_023496846.1	6492416	14	3592108	3593490	1383	1000	718
X	NW_023496846.1	6492416	15	3593491	3595523	2033	1000	725
X	NW_023496846.1	6492416	16	3595524	3596825	1302	1000	711
X	NW_023496846.1	6492416	17	3596826	3598446	1621	1000	589
X	NW_023496846.1	6492416	18	3598447	3600500	2054	1000	668
X	NW_023496846.1	6492416	19	3600501	3602302	1802	1000	657
X	NW_023496846.1	6492416	20	3602303	3603671	1369	1000	702
X	NW_023496846.1	6492416	21	3603672	3605397	1726	1000	577
X	NW_023496846.1	6492416	22	3605398	3606743	1346	1000	668
X	NW_023496846.1	6492416	23	3606744	3607974	1231	1000	564
X	NW_023496846.1	6492416	24	3607975	3609271	1297	1000	699
X	NW_023496846.1	6492416	25	3609272	3610590	1319	1000	599
X	NW_023496846.1	6492416	26	3610591	3612578	1988	1000	626
X	NW_023496846.1	6492416	27	3612579	3613726	1148	1000	658
X	NW_023496846.1	6492416	28	3613727	3614961	1235	1000	576
X	NW_023496846.1	6492416	29	3614962	3616269	1308	1000	536
X	NW_023496846.1	6492416	30	3616270	3617345	1076	1000	538
X	NW_023496846.1	6492416	31	3617346	3618387	1042	1000	527
X	NW_023496846.1	6492416	32	3618388	3619563	1176	1000	609
X	NW_023496846.1	6492416	33	3619564	3621155	1592	1000	652
X	NW_023496846.1	6492416	34	3621156	3622334	1179	1000	596
X	NW_023496846.1	6492416	35	3622335	3623493	1159	1000	615
X	NW_023496846.1	6492416	36	3623494	3624872	1379	1000	633
X	NW_023496846.1	6492416	37	3624873	3626255	1383	1000	546
X	NW_023496846.1	6492416	38	3626256	3627310	1055	1000	510
X	NW_023496846.1	6492416	39	3627311	3628433	1123	1000	467
X	NW_023496846.1	6492416	40	3628434	3629694	1261	1000	483
X	NW_023496846.1	6492416	41	3629695	3630829	1135	1000	579
X	NW_023496846.1	6492416	42	3630830	3631871	1042	1000	552
X	NW_023496846.1	6492416	43	3631872	3633240	1369	1000	567
X	NW_023496846.1	6492416	44	3633241	3634430	1190	1000	526
X	NW_023496846.1	6492416	45	3634431	3635482	1052	1000	547
X	NW_023496846.1	6492416	46	3635483	3636777	1295	1000	570
X	NW_023496846.1	6492416	47	3636778	3637932	1155	1000	652
X	NW_023496846.1	6492416	48	3637933	3638979	1047	1000	480
X	NW_023496846.1	6492416	49	3638980	3640116	1137	1000	539
X	NW_023496846.1	6492416	50	3640117	3641236	1120	1000	567
X	NW_023496846.1	6492416	51	3641237	3642275	1039	1000	501
X	NW_023496846.1	6492416	52	3642276	3643315	1040	1000	510
X	NW_023496846.1	6492416	53	3643316	3644409	1094	1000	542
X	NW_023496846.1	6492416	54	3644410	3645683	1274	1000	519
X	NW_023496846.1	6492416	55	3645684	3646696	1013	1000	525
X	NW_023496846.1	6492416	56	3646697	3647946	1250	1000	608
X	NW_023496846.1	6492416	57	3647947	3649198	1252	1000	528
X	NW_023496846.1	6492416	58	3649199	3650406	1208	1000	457
X	NW_023496846.1	6492416	59	3650407	3651449	1043	1000	491
X	NW_023496846.1	6492416	60	3651450	3652558	1109	1000	504
X	NW_023496846.1	6492416	61	3652559	3653756	1198	1000	507
X	NW_023496846.1	6492416	62	3653757	3655253	1497	1000	518
X	NW_023496846.1	6492416	63	3655254	3656312	1059	1000	523
X	NW_023496846.1	6492416	64	3656313	3657711	1399	1000	597
X	NW_023496846.1	6492416	65	3657712	3659032	1321	1000	503
X	NW_023496846.1	6492416	66	3659033	3660110	1078	1000	544
X	NW_023496846.1	6492416	67	3660111	3661147	1037	1000	554
X	NW_023496846.1	6492416	68	3661148	3662369	1222	1000	539
X	NW_023496846.1	6492416	69	3662370	3663385	1016	1000	510
X	NW_023496846.1	6492416	70	3663386	3665259	1874	1000	490
X	NW_023496846.1	6492416	71	3665260	3666451	1192	1000	620
X	NW_023496846.1	6492416	72	3666452	3667647	1196	1000	620
X	NW_023496846.1	6492416	73	3667648	3670310	2663	1000	476
X	NW_023496846.1	6492416	74	3670311	3671881	1571	1000	445
X	NW_023496846.1	6492416	75	3671882	3673362	1481	1000	453
X	NW_023496846.1	6492416	76	3673363	3675032	1670	1000	500
X	NW_023496846.1	6492416	77	3675033	3676604	1572	1000	580
X	NW_023496846.1	6492416	78	3676605	3677938	1334	1000	568
X	NW_023496846.1	6492416	79	3677939	3679018	1080	1000	559
X	NW_023496846.1	6492416	80	3679019	3680404	1386	1000	496
X	NW_023496846.1	6492416	81	3680405	3681471	1067	1000	506
X	NW_023496846.1	6492416	82	3681472	3749200	67729	1000	579
X	NW_023496846.1	6492416	83	3749201	3751269	2069	1000	518
X	NW_023496846.1	6492416	84	3751270	3752317	1048	1000	541
X	NW_023496846.1	6492416	85	3752318	3753550	1233	1000	514
X	NW_023496846.1	6492416	86	3753551	3755336	1786	1000	537
X	NW_023496846.1	6492416	87	3755337	3756485	1149	1000	521
X	NW_023496846.1	6492416	88	3756486	3757657	1172	1000	627
X	NW_023496846.1	6492416	89	3757658	3758815	1158	1000	560
X	NW_023496846.1	6492416	90	3758816	3759910	1095	1000	698
X	NW_023496846.1	6492416	91	3759911	3761157	1247	1000	650
X	NW_023496846.1	6492416	92	3761158	3762694	1537	1000	646
X	NW_023496846.1	6492416	93	3762695	3764234	1540	1000	609
X	NW_023496846.1	6492416	94	3764235	3765359	1125	1000	615
X	NW_023496846.1	6492416	95	3765360	3766621	1262	1000	475
X	NW_023496846.1	6492416	96	3766622	3767732	1111	1000	544
X	NW_023496846.1	6492416	97	3767733	3768989	1257	1000	622
X	NW_023496846.1	6492416	98	3768990	3770825	1836	1000	688
X	NW_023496846.1	6492416	99	3770826	3772360	1535	1000	660
X	NW_023496846.1	6492416	100	3772361	3773544	1184	1000	533
X	NW_023496846.1	6492416	101	3773545	3774662	1118	1000	582
X	NW_023496846.1	6492416	102	3774663	3775723	1061	1000	603
X	NW_023496846.1	6492416	103	3775724	3777055	1332	1000	593
X	NW_023496846.1	6492416	104	3777056	3778137	1082	1000	620
X	NW_023496846.1	6492416	105	3778138	3779728	1591	1000	680
X	NW_023496846.1	6492416	106	3779729	3780857	1129	1000	633
X	NW_023496846.1	6492416	107	3780858	3782272	1415	1000	564
X	NW_023496846.1	6492416	108	3782273	3783496	1224	1000	612
X	NW_023496846.1	6492416	109	3783497	3784540	1044	1000	630
X	NW_023496846.1	6492416	110	3784541	3785622	1082	1000	645
X	NW_023496846.1	6492416	111	3785623	3787262	1640	1000	583
X	NW_023496846.1	6492416	112	3787263	3789095	1833	1000	568
X	NW_023496846.1	6492416	113	3789096	3790162	1067	1000	699
X	NW_023496846.1	6492416	114	3790163	3791447	1285	1000	707
X	NW_023496846.1	6492416	115	3791448	3792537	1090	1000	585
X	NW_023496846.1	6492416	116	3792538	3793614	1077	1000	593
X	NW_023496846.1	6492416	117	3793615	3794743	1129	1000	734
X	NW_023496846.1	6492416	118	3794744	3795801	1058	1000	672
X	NW_023496846.1	6492416	119	3795802	3797147	1346	1000	586
X	NW_023496846.1	6492416	120	3797148	3799248	2101	1000	723
X	NW_023496846.1	6492416	121	3799249	3801163	1915	1000	647
X	NW_023496846.1	6492416	122	3801164	3802598	1435	1000	722
X	NW_023496846.1	6492416	123	3802599	3803827	1229	1000	590
3R	NW_023496837.1	5179314	0	587474	588609	1136	1000	577
3R	NW_023496837.1	5179314	1	588610	590413	1804	1000	604
3R	NW_023496837.1	5179314	2	590414	591556	1143	1000	538
3R	NW_023496837.1	5179314	3	591557	592805	1249	1000	547
3R	NW_023496837.1	5179314	4	592806	594606	1801	1000	630
3R	NW_023496837.1	5179314	5	594607	595606	1000	1000	551
3R	NW_023496837.1	5179314	6	595607	596649	1043	1000	589
3R	NW_023496837.1	5179314	7	596650	597780	1131	1000	568
3R	NW_023496837.1	5179314	8	597781	598947	1167	1000	622
3R	NW_023496837.1	5179314	9	598948	599988	1041	1000	623
3R	NW_023496837.1	5179314	10	599989	601136	1148	1000	618
3R	NW_023496837.1	5179314	11	601137	602165	1029	1000	584
3R	NW_023496837.1	5179314	12	602166	603744	1579	1000	644
3R	NW_023496837.1	5179314	13	603745	604801	1057	1000	592
3R	NW_023496837.1	5179314	14	604802	605976	1175	1000	554
3R	NW_023496837.1	5179314	15	605977	607062	1086	1000	560
3R	NW_023496837.1	5179314	16	607063	608144	1082	1000	600
3R	NW_023496837.1	5179314	17	608145	609381	1237	1000	603
3R	NW_023496837.1	5179314	18	609382	610586	1205	1000	610
3R	NW_023496837.1	5179314	19	610587	611608	1022	1000	579
3R	NW_023496837.1	5179314	20	611609	612722	1114	1000	564
3R	NW_023496837.1	5179314	21	612723	613858	1136	1000	587
3R	NW_023496837.1	5179314	22	613859	615188	1330	1000	543
3R	NW_023496837.1	5179314	23	615189	616363	1175	1000	640
3R	NW_023496837.1	5179314	24	616364	617385	1022	1000	549
3R	NW_023496837.1	5179314	25	617386	618520	1135	1000	564
3R	NW_023496837.1	5179314	26	618521	619631	1111	1000	607
3R	NW_023496837.1	5179314	27	619632	620679	1048	1000	595
3R	NW_023496837.1	5179314	28	620680	621727	1048	1000	571
3R	NW_023496837.1	5179314	29	621728	622734	1007	1000	564
3R	NW_023496837.1	5179314	30	622735	624219	1485	1000	559
3R	NW_023496837.1	5179314	31	624220	625900	1681	1000	587
3R	NW_023496837.1	5179314	32	625901	627068	1168	1000	619
3R	NW_023496837.1	5179314	33	627069	628293	1225	1000	576
3R	NW_023496837.1	5179314	34	628294	629412	1119	1000	617
3R	NW_023496837.1	5179314	35	629413	630600	1188	1000	534
3R	NW_023496837.1	5179314	36	630601	632393	1793	1000	604
3R	NW_023496837.1	5179314	37	632394	633449	1056	1000	606
3R	NW_023496837.1	5179314	38	633450	634804	1355	1000	555
3R	NW_023496837.1	5179314	39	634805	637279	2475	1000	569
3R	NW_023496837.1	5179314	40	637280	638680	1401	1000	565
3R	NW_023496837.1	5179314	41	638681	640064	1384	1000	606
3R	NW_023496837.1	5179314	42	640065	641195	1131	1000	552
3R	NW_023496837.1	5179314	43	641196	646325	5130	1000	534
3R	NW_023496837.1	5179314	44	646326	649056	2731	1000	528
3R	NW_023496837.1	5179314	45	649057	651572	2516	1000	589
3R	NW_023496837.1	5179314	46	651573	654323	2751	1000	520
3R	NW_023496837.1	5179314	47	654324	656153	1830	1000	585
3R	NW_023496837.1	5179314	48	656154	657419	1266	1000	559
3R	NW_023496837.1	5179314	49	657420	658432	1013	1000	593
3R	NW_023496837.1	5179314	50	658433	659504	1072	1000	555
3R	NW_023496837.1	5179314	51	659505	660574	1070	1000	607
3R	NW_023496837.1	5179314	52	660575	661728	1154	1000	577
3R	NW_023496837.1	5179314	53	661729	663869	2141	1000	529
3R	NW_023496837.1	5179314	54	663870	664892	1023	1000	516
3R	NW_023496837.1	5179314	55	664893	665929	1037	1000	516
3R	NW_023496837.1	5179314	56	665930	666969	1040	1000	650
3R	NW_023496837.1	5179314	57	666970	668059	1090	1000	540
3R	NW_023496837.1	5179314	58	668060	669346	1287	1000	585
3R	NW_023496837.1	5179314	59	669347	670392	1046	1000	530
3R	NW_023496837.1	5179314	60	670393	671414	1022	1000	547
3R	NW_023496837.1	5179314	61	671415	672449	1035	1000	536
3R	NW_023496837.1	5179314	62	672450	673485	1036	1000	625
3R	NW_023496837.1	5179314	63	673486	675258	1773	1000	521
3R	NW_023496837.1	5179314	64	675259	677724	2466	1000	548
3R	NW_023496837.1	5179314	65	677725	686794	9070	1000	530
3R	NW_023496837.1	5179314	66	686795	712315	25521	1000	503
3R	NW_023496837.1	5179314	67	712316	714755	2440	1000	433
3R	NW_023496837.1	5179314	68	714756	716207	1452	1000	529
3R	NW_023496837.1	5179314	69	716208	717409	1202	1000	617
3R	NW_023496837.1	5179314	70	717410	718429	1020	1000	596
3R	NW_023496837.1	5179314	71	718430	719569	1140	1000	625
3R	NW_023496837.1	5179314	72	719570	720615	1046	1000	525
3R	NW_023496837.1	5179314	73	720616	723219	2604	1000	519
3R	NW_023496837.1	5179314	74	723220	724459	1240	1000	633
3R	NW_023496837.1	5179314	75	724460	725788	1329	1000	628
3R	NW_023496837.1	5179314	76	725789	727249	1461	1000	558
3R	NW_023496837.1	5179314	77	727250	728273	1024	1000	601
3R	NW_023496837.1	5179314	78	728274	729306	1033	1000	647
3R	NW_023496837.1	5179314	79	729307	730370	1064	1000	659
3R	NW_023496837.1	5179314	80	730371	731404	1034	1000	616
3R	NW_023496837.1	5179314	81	731405	732615	1211	1000	643
3R	NW_023496837.1	5179314	82	732616	733921	1306	1000	664
3R	NW_023496837.1	5179314	83	733922	734959	1038	1000	636
3R	NW_023496837.1	5179314	84	734960	736520	1561	1000	647
3R	NW_023496837.1	5179314	85	736521	737659	1139	1000	653
3R	NW_023496837.1	5179314	86	737660	739511	1852	1000	654
3R	NW_023496837.1	5179314	87	739512	740677	1166	1000	606
3R	NW_023496837.1	5179314	88	740678	742314	1637	1000	675
3R	NW_023496837.1	5179314	89	742315	743374	1060	1000	603
3R	NW_023496837.1	5179314	90	743375	744560	1186	1000	654
3R	NW_023496837.1	5179314	91	744561	745664	1104	1000	684
3R	NW_023496837.1	5179314	92	745665	746811	1147	1000	680
3R	NW_023496837.1	5179314	93	746812	747981	1170	1000	666
3R	NW_023496837.1	5179314	94	747982	749087	1106	1000	613
3R	NW_023496837.1	5179314	95	749088	750359	1272	1000	673
3R	NW_023496837.1	5179314	96	750360	751721	1362	1000	662
3R	NW_023496837.1	5179314	97	751722	752852	1131	1000	652
3R	NW_023496837.1	5179314	98	752853	754046	1194	1000	613
3R	NW_023496837.1	5179314	99	754047	755207	1161	1000	690
3R	NW_023496837.1	5179314	100	755208	756818	1611	1000	676
3R	NW_023496837.1	5179314	101	756819	758232	1414	1000	646
3R	NW_023496837.1	5179314	102	758233	759609	1377	1000	615
3R	NW_023496837.1	5179314	103	759610	760705	1096	1000	657
3R	NW_023496837.1	5179314	104	760706	762046	1341	1000	671
3R	NW_023496837.1	5179314	105	762047	763354	1308	1000	660
3R	NW_023496837.1	5179314	106	763355	764412	1058	1000	670
3R	NW_023496837.1	5179314	107	764413	765540	1128	1000	635
3R	NW_023496837.1	5179314	108	765541	766686	1146	1000	683
3R	NW_023496837.1	5179314	109	766687	767883	1197	1000	724
3R	NW_023496837.1	5179314	110	767884	769297	1414	1000	690
3R	NW_023496837.1	5179314	111	769298	770606	1309	1000	669
3R	NW_023496837.1	5179314	112	770607	771845	1239	1000	645
3R	NW_023496837.1	5179314	113	771846	772997	1152	1000	621
3R	NW_023496837.1	5179314	114	772998	774650	1653	1000	661
3R	NW_023496837.1	5179314	115	774651	776313	1663	1000	636
3R	NW_023496837.1	5179314	116	776314	777369	1056	1000	565
3R	NW_023496837.1	5179314	117	777370	778446	1077	1000	552
3R	NW_023496837.1	5179314	118	778447	779904	1458	1000	619
3R	NW_023496837.1	5179314	119	779905	780944	1040	1000	539
3R	NW_023496837.1	5179314	120	780945	781959	1015	1000	534
3R	NW_023496837.1	5179314	121	781960	783191	1232	1000	562
3R	NW_023496837.1	5179314	122	783192	784193	1002	1000	517
3R	NW_023496837.1	5179314	123	784194	785572	1379	1000	601
2R	NW_023496808.1	9130409	0	7126354	7127476	1123	1000	596
2R	NW_023496808.1	9130409	1	7127477	7128969	1493	1000	594
2R	NW_023496808.1	9130409	2	7128970	7130529	1560	1000	626
2R	NW_023496808.1	9130409	3	7130530	7131537	1008	1000	576
2R	NW_023496808.1	9130409	4	7131538	7132548	1011	1000	542
2R	NW_023496808.1	9130409	5	7132549	7133710	1162	1000	558
2R	NW_023496808.1	9130409	6	7133711	7134720	1010	1000	525
2R	NW_023496808.1	9130409	7	7134721	7135724	1004	1000	499
2R	NW_023496808.1	9130409	8	7135725	7136786	1062	1000	577
2R	NW_023496808.1	9130409	9	7136787	7137887	1101	1000	545
2R	NW_023496808.1	9130409	10	7137888	7138997	1110	1000	514
2R	NW_023496808.1	9130409	11	7138998	7140332	1335	1000	559
2R	NW_023496808.1	9130409	12	7140333	7141467	1135	1000	589
2R	NW_023496808.1	9130409	13	7141468	7142529	1062	1000	603
2R	NW_023496808.1	9130409	14	7142530	7143551	1022	1000	539
2R	NW_023496808.1	9130409	15	7143552	7144638	1087	1000	549
2R	NW_023496808.1	9130409	16	7144639	7145689	1051	1000	578
2R	NW_023496808.1	9130409	17	7145690	7146816	1127	1000	564
2R	NW_023496808.1	9130409	18	7146817	7148494	1678	1000	591
2R	NW_023496808.1	9130409	19	7148495	7149611	1117	1000	541
2R	NW_023496808.1	9130409	20	7149612	7150792	1181	1000	554
2R	NW_023496808.1	9130409	21	7150793	7152004	1212	1000	578
2R	NW_023496808.1	9130409	22	7152005	7153004	1000	1000	591
2R	NW_023496808.1	9130409	23	7153005	7154329	1325	1000	590
2R	NW_023496808.1	9130409	24	7154330	7155332	1003	1000	560
2R	NW_023496808.1	9130409	25	7155333	7156447	1115	1000	618
2R	NW_023496808.1	9130409	26	7156448	7157471	1024	1000	582
2R	NW_023496808.1	9130409	27	7157472	7158537	1066	1000	580
2R	NW_023496808.1	9130409	28	7158538	7159707	1170	1000	590
2R	NW_023496808.1	9130409	29	7159708	7160729	1022	1000	552
2R	NW_023496808.1	9130409	30	7160730	7161754	1025	1000	595
2R	NW_023496808.1	9130409	31	7161755	7163062	1308	1000	625
2R	NW_023496808.1	9130409	32	7163063	7164134	1072	1000	571
2R	NW_023496808.1	9130409	33	7164135	7166127	1993	1000	573
2R	NW_023496808.1	9130409	34	7166128	7167130	1003	1000	508
2R	NW_023496808.1	9130409	35	7167131	7168152	1022	1000	614
2R	NW_023496808.1	9130409	36	7168153	7169251	1099	1000	570
2R	NW_023496808.1	9130409	37	7169252	7170365	1114	1000	536
2R	NW_023496808.1	9130409	38	7170366	7171595	1230	1000	559
2R	NW_023496808.1	9130409	39	7171596	7172678	1083	1000	533
2R	NW_023496808.1	9130409	40	7172679	7174817	2139	1000	659
2R	NW_023496808.1	9130409	41	7174818	7176145	1328	1000	604
2R	NW_023496808.1	9130409	42	7176146	7177205	1060	1000	569
2R	NW_023496808.1	9130409	43	7177206	7178237	1032	1000	540
2R	NW_023496808.1	9130409	44	7178238	7179237	1000	1000	535
2R	NW_023496808.1	9130409	45	7179238	7180310	1073	1000	644
2R	NW_023496808.1	9130409	46	7180311	7181332	1022	1000	506
2R	NW_023496808.1	9130409	47	7181333	7183299	1967	1000	604
2R	NW_023496808.1	9130409	48	7183300	7184390	1091	1000	507
2R	NW_023496808.1	9130409	49	7184391	7185711	1321	1000	608
2R	NW_023496808.1	9130409	50	7185712	7186939	1228	1000	531
2R	NW_023496808.1	9130409	51	7186940	7188187	1248	1000	587
2R	NW_023496808.1	9130409	52	7188188	7190181	1994	1000	649
2R	NW_023496808.1	9130409	53	7190182	7192075	1894	1000	599
2R	NW_023496808.1	9130409	54	7192076	7193238	1163	1000	564
2R	NW_023496808.1	9130409	55	7193239	7194378	1140	1000	571
2R	NW_023496808.1	9130409	56	7194379	7195478	1100	1000	556
2R	NW_023496808.1	9130409	57	7195479	7197070	1592	1000	635
2R	NW_023496808.1	9130409	58	7197071	7199981	2911	1000	623
2R	NW_023496808.1	9130409	59	7199982	7202265	2284	1000	596
2R	NW_023496808.1	9130409	60	7202266	7203458	1193	1000	554
2R	NW_023496808.1	9130409	61	7203459	7204661	1203	1000	618
2R	NW_023496808.1	9130409	62	7204662	7205708	1047	1000	582
2R	NW_023496808.1	9130409	63	7205709	7207014	1306	1000	601
2R	NW_023496808.1	9130409	64	7207015	7209028	2014	1000	574
2R	NW_023496808.1	9130409	65	7209029	7210665	1637	1000	584
2R	NW_023496808.1	9130409	66	7210666	7211677	1012	1000	503
2R	NW_023496808.1	9130409	67	7211678	7212727	1050	1000	596
2R	NW_023496808.1	9130409	68	7212728	7214188	1461	1000	629
2R	NW_023496808.1	9130409	69	7214189	7215227	1039	1000	546
2R	NW_023496808.1	9130409	70	7215228	7216373	1146	1000	551
2R	NW_023496808.1	9130409	71	7216374	7217455	1082	1000	603
2R	NW_023496808.1	9130409	72	7217456	7219614	2159	1000	539
2R	NW_023496808.1	9130409	73	7219615	7220935	1321	1000	629
2R	NW_023496808.1	9130409	74	7220936	7222081	1146	1000	636
2R	NW_023496808.1	9130409	75	7222082	7223272	1191	1000	620
2R	NW_023496808.1	9130409	76	7223273	7224366	1094	1000	615
2R	NW_023496808.1	9130409	77	7224367	7225366	1000	1000	575
2R	NW_023496808.1	9130409	78	7225367	7226517	1151	1000	585
2R	NW_023496808.1	9130409	79	7226518	7227615	1098	1000	579
2R	NW_023496808.1	9130409	80	7227616	7228615	1000	1000	541
2R	NW_023496808.1	9130409	81	7228616	7229964	1349	1000	564
2R	NW_023496808.1	9130409	82	7229965	7231032	1068	1000	580
2R	NW_023496808.1	9130409	83	7231033	7232063	1031	1000	514
2R	NW_023496808.1	9130409	84	7232064	7234005	1942	1000	559
2R	NW_023496808.1	9130409	85	7234006	7235241	1236	1000	614
2R	NW_023496808.1	9130409	86	7235242	7236303	1062	1000	489
2R	NW_023496808.1	9130409	87	7236304	7237368	1065	1000	500
2R	NW_023496808.1	9130409	88	7237369	7238427	1059	1000	559
2R	NW_023496808.1	9130409	89	7238428	7239427	1000	1000	509
2R	NW_023496808.1	9130409	90	7239428	7241189	1762	1000	642
2R	NW_023496808.1	9130409	91	7241190	7242499	1310	1000	572
2R	NW_023496808.1	9130409	92	7242500	7244782	2283	1000	614
2R	NW_023496808.1	9130409	93	7244783	7245916	1134	1000	600
2R	NW_023496808.1	9130409	94	7245917	7247132	1216	1000	605
2R	NW_023496808.1	9130409	95	7247133	7248193	1061	1000	582
2R	NW_023496808.1	9130409	96	7248194	7249238	1045	1000	546
2R	NW_023496808.1	9130409	97	7249239	7250288	1050	1000	581
2R	NW_023496808.1	9130409	98	7250289	7251330	1042	1000	578
2R	NW_023496808.1	9130409	99	7251331	7252539	1209	1000	485
2R	NW_023496808.1	9130409	100	7252540	7254147	1608	1000	522
2R	NW_023496808.1	9130409	101	7254148	7255172	1025	1000	536
2R	NW_023496808.1	9130409	102	7255173	7256180	1008	1000	528
2R	NW_023496808.1	9130409	103	7256181	7257283	1103	1000	530
2R	NW_023496808.1	9130409	104	7257284	7258297	1014	1000	545
2R	NW_023496808.1	9130409	105	7258298	7260208	1911	1000	587
2R	NW_023496808.1	9130409	106	7260209	7261236	1028	1000	534
2R	NW_023496808.1	9130409	107	7261237	7262386	1150	1000	531
2R	NW_023496808.1	9130409	108	7262387	7263415	1029	1000	540
2R	NW_023496808.1	9130409	109	7263416	7264492	1077	1000	548
2R	NW_023496808.1	9130409	110	7264493	7265561	1069	1000	542
2R	NW_023496808.1	9130409	111	7265562	7266610	1049	1000	521
2R	NW_023496808.1	9130409	112	7266611	7267630	1020	1000	541
2R	NW_023496808.1	9130409	113	7267631	7268753	1123	1000	507
2R	NW_023496808.1	9130409	114	7268754	7269760	1007	1000	535
2R	NW_023496808.1	9130409	115	7269761	7271061	1301	1000	573
2R	NW_023496808.1	9130409	116	7271062	7272093	1032	1000	573
2R	NW_023496808.1	9130409	117	7272094	7273133	1040	1000	583
2R	NW_023496808.1	9130409	118	7273134	7274261	1128	1000	575
2R	NW_023496808.1	9130409	119	7274262	7276491	2230	1000	630
2R	NW_023496808.1	9130409	120	7276492	7277594	1103	1000	569
2R	NW_023496808.1	9130409	121	7277595	7278712	1118	1000	544
2R	NW_023496808.1	9130409	122	7278713	7279861	1149	1000	551
2R	NW_023496808.1	9130409	123	7279862	7280866	1005	1000	576
2L	NW_023496800.1	25589241	0	6643392	6644685	1294	1000	651
2L	NW_023496800.1	25589241	1	6644686	6645764	1079	1000	598
2L	NW_023496800.1	25589241	2	6645765	6646977	1213	1000	704
2L	NW_023496800.1	25589241	3	6646978	6648171	1194	1000	596
2L	NW_023496800.1	25589241	4	6648172	6649649	1478	1000	660
2L	NW_023496800.1	25589241	5	6649650	6651232	1583	1000	701
2L	NW_023496800.1	25589241	6	6651233	6652393	1161	1000	651
2L	NW_023496800.1	25589241	7	6652394	6654277	1884	1000	640
2L	NW_023496800.1	25589241	8	6654278	6655669	1392	1000	645
2L	NW_023496800.1	25589241	9	6655670	6656975	1306	1000	680
2L	NW_023496800.1	25589241	10	6656976	6658422	1447	1000	615
2L	NW_023496800.1	25589241	11	6658423	6659568	1146	1000	607
2L	NW_023496800.1	25589241	12	6659569	6661214	1646	1000	681
2L	NW_023496800.1	25589241	13	6661215	6662513	1299	1000	631
2L	NW_023496800.1	25589241	14	6662514	6663751	1238	1000	594
2L	NW_023496800.1	25589241	15	6663752	6665185	1434	1000	615
2L	NW_023496800.1	25589241	16	6665186	6666913	1728	1000	626
2L	NW_023496800.1	25589241	17	6666914	6668043	1130	1000	645
2L	NW_023496800.1	25589241	18	6668044	6669931	1888	1000	657
2L	NW_023496800.1	25589241	19	6669932	6671642	1711	1000	648
2L	NW_023496800.1	25589241	20	6671643	6674918	3276	1000	671
2L	NW_023496800.1	25589241	21	6674919	6676355	1437	1000	703
2L	NW_023496800.1	25589241	22	6676356	6677422	1067	1000	683
2L	NW_023496800.1	25589241	23	6677423	6678587	1165	1000	674
2L	NW_023496800.1	25589241	24	6678588	6679615	1028	1000	652
2L	NW_023496800.1	25589241	25	6679616	6680642	1027	1000	617
2L	NW_023496800.1	25589241	26	6680643	6681741	1099	1000	697
2L	NW_023496800.1	25589241	27	6681742	6682856	1115	1000	626
2L	NW_023496800.1	25589241	28	6682857	6684003	1147	1000	631
2L	NW_023496800.1	25589241	29	6684004	6685233	1230	1000	685
2L	NW_023496800.1	25589241	30	6685234	6686340	1107	1000	656
2L	NW_023496800.1	25589241	31	6686341	6687560	1220	1000	662
2L	NW_023496800.1	25589241	32	6687561	6689200	1640	1000	720
2L	NW_023496800.1	25589241	33	6689201	6690421	1221	1000	695
2L	NW_023496800.1	25589241	34	6690422	6691590	1169	1000	704
2L	NW_023496800.1	25589241	35	6691591	6692675	1085	1000	686
2L	NW_023496800.1	25589241	36	6692676	6693832	1157	1000	647
2L	NW_023496800.1	25589241	37	6693833	6695140	1308	1000	633
2L	NW_023496800.1	25589241	38	6695141	6696378	1238	1000	685
2L	NW_023496800.1	25589241	39	6696379	6697386	1008	1000	523
2L	NW_023496800.1	25589241	40	6697387	6699004	1618	1000	619
2L	NW_023496800.1	25589241	41	6699005	6700256	1252	1000	673
2L	NW_023496800.1	25589241	42	6700257	6701261	1005	1000	620
2L	NW_023496800.1	25589241	43	6701262	6702611	1350	1000	675
2L	NW_023496800.1	25589241	44	6702612	6703633	1022	1000	625
2L	NW_023496800.1	25589241	45	6703634	6704654	1021	1000	565
2L	NW_023496800.1	25589241	46	6704655	6706230	1576	1000	638
2L	NW_023496800.1	25589241	47	6706231	6707857	1627	1000	583
2L	NW_023496800.1	25589241	48	6707858	6708894	1037	1000	594
2L	NW_023496800.1	25589241	49	6708895	6710846	1952	1000	579
2L	NW_023496800.1	25589241	50	6710847	6712141	1295	1000	630
2L	NW_023496800.1	25589241	51	6712142	6713534	1393	1000	690
2L	NW_023496800.1	25589241	52	6713535	6714834	1300	1000	712
2L	NW_023496800.1	25589241	53	6714835	6716067	1233	1000	729
2L	NW_023496800.1	25589241	54	6716068	6717758	1691	1000	720
2L	NW_023496800.1	25589241	55	6717759	6721684	3926	1000	652
2L	NW_023496800.1	25589241	56	6721685	6722737	1053	1000	609
2L	NW_023496800.1	25589241	57	6722738	6724196	1459	1000	656
2L	NW_023496800.1	25589241	58	6724197	6725252	1056	1000	707
2L	NW_023496800.1	25589241	59	6725253	6726551	1299	1000	715
2L	NW_023496800.1	25589241	60	6726552	6728397	1846	1000	675
2L	NW_023496800.1	25589241	61	6728398	6730058	1661	1000	717
2L	NW_023496800.1	25589241	62	6730059	6731411	1353	1000	553
2L	NW_023496800.1	25589241	63	6731412	6732545	1134	1000	658
2L	NW_023496800.1	25589241	64	6732546	6733767	1222	1000	581
2L	NW_023496800.1	25589241	65	6733768	6734957	1190	1000	626
2L	NW_023496800.1	25589241	66	6734958	6736001	1044	1000	708
2L	NW_023496800.1	25589241	67	6736002	6737721	1720	1000	735
2L	NW_023496800.1	25589241	68	6737722	6739107	1386	1000	748
2L	NW_023496800.1	25589241	69	6739108	6740440	1333	1000	774
2L	NW_023496800.1	25589241	70	6740441	6741922	1482	1000	722
2L	NW_023496800.1	25589241	71	6741923	6743704	1782	1000	632
2L	NW_023496800.1	25589241	72	6743705	6745312	1608	1000	790
2L	NW_023496800.1	25589241	73	6745313	6746468	1156	1000	734
2L	NW_023496800.1	25589241	74	6746469	6747557	1089	1000	632
2L	NW_023496800.1	25589241	75	6747558	6748581	1024	1000	659
2L	NW_023496800.1	25589241	76	6748582	6751604	3023	1000	667
2L	NW_023496800.1	25589241	77	6751605	6752702	1098	1000	700
2L	NW_023496800.1	25589241	78	6752703	6753724	1022	1000	671
2L	NW_023496800.1	25589241	79	6753725	6755766	2042	1000	681
2L	NW_023496800.1	25589241	80	6755767	6756907	1141	1000	735
2L	NW_023496800.1	25589241	81	6756908	6758663	1756	1000	712
2L	NW_023496800.1	25589241	82	6758664	6760201	1538	1000	680
2L	NW_023496800.1	25589241	83	6760202	6761235	1034	1000	589
2L	NW_023496800.1	25589241	84	6761236	6762679	1444	1000	626
2L	NW_023496800.1	25589241	85	6762680	6764068	1389	1000	737
2L	NW_023496800.1	25589241	86	6764069	6765871	1803	1000	585
2L	NW_023496800.1	25589241	87	6765872	6767493	1622	1000	708
2L	NW_023496800.1	25589241	88	6767494	6769035	1542	1000	808
2L	NW_023496800.1	25589241	89	6769036	6770125	1090	1000	649
2L	NW_023496800.1	25589241	90	6770126	6771138	1013	1000	619
2L	NW_023496800.1	25589241	91	6771139	6772882	1744	1000	685
2L	NW_023496800.1	25589241	92	6772883	6774452	1570	1000	728
2L	NW_023496800.1	25589241	93	6774453	6775635	1183	1000	704
2L	NW_023496800.1	25589241	94	6775636	6777095	1460	1000	739
2L	NW_023496800.1	25589241	95	6777096	6778238	1143	1000	708
2L	NW_023496800.1	25589241	96	6778239	6779390	1152	1000	683
2L	NW_023496800.1	25589241	97	6779391	6780391	1001	1000	625
2L	NW_023496800.1	25589241	98	6780392	6781630	1239	1000	698
2L	NW_023496800.1	25589241	99	6781631	6783224	1594	1000	710
2L	NW_023496800.1	25589241	100	6783225	6784502	1278	1000	605
2L	NW_023496800.1	25589241	101	6784503	6785507	1005	1000	540
2L	NW_023496800.1	25589241	102	6785508	6786823	1316	1000	713
2L	NW_023496800.1	25589241	103	6786824	6788038	1215	1000	761
2L	NW_023496800.1	25589241	104	6788039	6789159	1121	1000	749
2L	NW_023496800.1	25589241	105	6789160	6790485	1326	1000	753
2L	NW_023496800.1	25589241	106	6790486	6791877	1392	1000	704
2L	NW_023496800.1	25589241	107	6791878	6793003	1126	1000	598
2L	NW_023496800.1	25589241	108	6793004	6794279	1276	1000	724
2L	NW_023496800.1	25589241	109	6794280	6795486	1207	1000	746
2L	NW_023496800.1	25589241	110	6795487	6796678	1192	1000	708
2L	NW_023496800.1	25589241	111	6796679	6797854	1176	1000	689
2L	NW_023496800.1	25589241	112	6797855	6798998	1144	1000	668
2L	NW_023496800.1	25589241	113	6798999	6801528	2530	1000	699
2L	NW_023496800.1	25589241	114	6801529	6802749	1221	1000	700
2L	NW_023496800.1	25589241	115	6802750	6803853	1104	1000	676
2L	NW_023496800.1	25589241	116	6803854	6804955	1102	1000	664
2L	NW_023496800.1	25589241	117	6804956	6807309	2354	1000	641
2L	NW_023496800.1	25589241	118	6807310	6808392	1083	1000	664
2L	NW_023496800.1	25589241	119	6808393	6809499	1107	1000	669
2L	NW_023496800.1	25589241	120	6809500	6810717	1218	1000	693
2L	NW_023496800.1	25589241	121	6810718	6811922	1205	1000	698
2L	NW_023496800.1	25589241	122	6811923	6813267	1345	1000	678
2L	NW_023496800.1	25589241	123	6813268	6814338	1071	1000	669
2R	NW_023496807.1	14656957	0	8541169	8542962	1794	1000	767
2R	NW_023496807.1	14656957	1	8542963	8544195	1233	1000	746
2R	NW_023496807.1	14656957	2	8544196	8545307	1112	1000	637
2R	NW_023496807.1	14656957	3	8545308	8546987	1680	1000	650
2R	NW_023496807.1	14656957	4	8546988	8548969	1982	1000	659
2R	NW_023496807.1	14656957	5	8548970	8550180	1211	1000	622
2R	NW_023496807.1	14656957	6	8550181	8551333	1153	1000	690
2R	NW_023496807.1	14656957	7	8551334	8552504	1171	1000	676
2R	NW_023496807.1	14656957	8	8552505	8553698	1194	1000	718
2R	NW_023496807.1	14656957	9	8553699	8554709	1011	1000	673
2R	NW_023496807.1	14656957	10	8554710	8556012	1303	1000	653
2R	NW_023496807.1	14656957	11	8556013	8557012	1000	1000	672
2R	NW_023496807.1	14656957	12	8557013	8558564	1552	1000	724
2R	NW_023496807.1	14656957	13	8558565	8560298	1734	1000	531
2R	NW_023496807.1	14656957	14	8560299	8562339	2041	1000	619
2R	NW_023496807.1	14656957	15	8562340	8563432	1093	1000	636
2R	NW_023496807.1	14656957	16	8563433	8564707	1275	1000	669
2R	NW_023496807.1	14656957	17	8564708	8566697	1990	1000	661
2R	NW_023496807.1	14656957	18	8566698	8568628	1931	1000	749
2R	NW_023496807.1	14656957	19	8568629	8570100	1472	1000	655
2R	NW_023496807.1	14656957	20	8570101	8571240	1140	1000	674
2R	NW_023496807.1	14656957	21	8571241	8573001	1761	1000	719
2R	NW_023496807.1	14656957	22	8573002	8574639	1638	1000	654
2R	NW_023496807.1	14656957	23	8574640	8575745	1106	1000	619
2R	NW_023496807.1	14656957	24	8575746	8577058	1313	1000	707
2R	NW_023496807.1	14656957	25	8577059	8578361	1303	1000	561
2R	NW_023496807.1	14656957	26	8578362	8579591	1230	1000	604
2R	NW_023496807.1	14656957	27	8579592	8580880	1289	1000	666
2R	NW_023496807.1	14656957	28	8580881	8582095	1215	1000	605
2R	NW_023496807.1	14656957	29	8582096	8583616	1521	1000	703
2R	NW_023496807.1	14656957	30	8583617	8585150	1534	1000	638
2R	NW_023496807.1	14656957	31	8585151	8586298	1148	1000	649
2R	NW_023496807.1	14656957	32	8586299	8587392	1094	1000	647
2R	NW_023496807.1	14656957	33	8587393	8588800	1408	1000	618
2R	NW_023496807.1	14656957	34	8588801	8589938	1138	1000	627
2R	NW_023496807.1	14656957	35	8589939	8591134	1196	1000	580
2R	NW_023496807.1	14656957	36	8591135	8592386	1252	1000	609
2R	NW_023496807.1	14656957	37	8592387	8593532	1146	1000	643
2R	NW_023496807.1	14656957	38	8593533	8594640	1108	1000	646
2R	NW_023496807.1	14656957	39	8594641	8595872	1232	1000	576
2R	NW_023496807.1	14656957	40	8595873	8597011	1139	1000	677
2R	NW_023496807.1	14656957	41	8597012	8598358	1347	1000	565
2R	NW_023496807.1	14656957	42	8598359	8599808	1450	1000	566
2R	NW_023496807.1	14656957	43	8599809	8601067	1259	1000	710
2R	NW_023496807.1	14656957	44	8601068	8602126	1059	1000	597
2R	NW_023496807.1	14656957	45	8602127	8603265	1139	1000	654
2R	NW_023496807.1	14656957	46	8603266	8604454	1189	1000	617
2R	NW_023496807.1	14656957	47	8604455	8605546	1092	1000	749
2R	NW_023496807.1	14656957	48	8605547	8606648	1102	1000	657
2R	NW_023496807.1	14656957	49	8606649	8607734	1086	1000	615
2R	NW_023496807.1	14656957	50	8607735	8609190	1456	1000	568
2R	NW_023496807.1	14656957	51	8609191	8610305	1115	1000	638
2R	NW_023496807.1	14656957	52	8610306	8611578	1273	1000	619
2R	NW_023496807.1	14656957	53	8611579	8613071	1493	1000	704
2R	NW_023496807.1	14656957	54	8613072	8614528	1457	1000	681
2R	NW_023496807.1	14656957	55	8614529	8615671	1143	1000	634
2R	NW_023496807.1	14656957	56	8615672	8617002	1331	1000	691
2R	NW_023496807.1	14656957	57	8617003	8618066	1064	1000	649
2R	NW_023496807.1	14656957	58	8618067	8619114	1048	1000	659
2R	NW_023496807.1	14656957	59	8619115	8620544	1430	1000	594
2R	NW_023496807.1	14656957	60	8620545	8621857	1313	1000	629
2R	NW_023496807.1	14656957	61	8621858	8623059	1202	1000	672
2R	NW_023496807.1	14656957	62	8623060	8624379	1320	1000	625
2R	NW_023496807.1	14656957	63	8624380	8625529	1150	1000	638
2R	NW_023496807.1	14656957	64	8625530	8626819	1290	1000	628
2R	NW_023496807.1	14656957	65	8626820	8628168	1349	1000	633
2R	NW_023496807.1	14656957	66	8628169	8629291	1123	1000	613
2R	NW_023496807.1	14656957	67	8629292	8630747	1456	1000	606
2R	NW_023496807.1	14656957	68	8630748	8631900	1153	1000	641
2R	NW_023496807.1	14656957	69	8631901	8633139	1239	1000	700
2R	NW_023496807.1	14656957	70	8633140	8634404	1265	1000	675
2R	NW_023496807.1	14656957	71	8634405	8635578	1174	1000	710
2R	NW_023496807.1	14656957	72	8635579	8636779	1201	1000	651
2R	NW_023496807.1	14656957	73	8636780	8637927	1148	1000	617
2R	NW_023496807.1	14656957	74	8637928	8639067	1140	1000	600
2R	NW_023496807.1	14656957	75	8639068	8640308	1241	1000	660
2R	NW_023496807.1	14656957	76	8640309	8641453	1145	1000	638
2R	NW_023496807.1	14656957	77	8641454	8642945	1492	1000	637
2R	NW_023496807.1	14656957	78	8642946	8644095	1150	1000	635
2R	NW_023496807.1	14656957	79	8644096	8645241	1146	1000	687
2R	NW_023496807.1	14656957	80	8645242	8646309	1068	1000	671
2R	NW_023496807.1	14656957	81	8646310	8647525	1216	1000	642
2R	NW_023496807.1	14656957	82	8647526	8648883	1358	1000	632
2R	NW_023496807.1	14656957	83	8648884	8650024	1141	1000	620
2R	NW_023496807.1	14656957	84	8650025	8651217	1193	1000	651
2R	NW_023496807.1	14656957	85	8651218	8652332	1115	1000	633
2R	NW_023496807.1	14656957	86	8652333	8653731	1399	1000	687
2R	NW_023496807.1	14656957	87	8653732	8654941	1210	1000	642
2R	NW_023496807.1	14656957	88	8654942	8656077	1136	1000	651
2R	NW_023496807.1	14656957	89	8656078	8657257	1180	1000	534
2R	NW_023496807.1	14656957	90	8657258	8658324	1067	1000	616
2R	NW_023496807.1	14656957	91	8658325	8659469	1145	1000	669
2R	NW_023496807.1	14656957	92	8659470	8660593	1124	1000	584
2R	NW_023496807.1	14656957	93	8660594	8661697	1104	1000	709
2R	NW_023496807.1	14656957	94	8661698	8662886	1189	1000	694
2R	NW_023496807.1	14656957	95	8662887	8664042	1156	1000	665
2R	NW_023496807.1	14656957	96	8664043	8665152	1110	1000	593
2R	NW_023496807.1	14656957	97	8665153	8666629	1477	1000	683
2R	NW_023496807.1	14656957	98	8666630	8668512	1883	1000	591
2R	NW_023496807.1	14656957	99	8668513	8669892	1380	1000	644
2R	NW_023496807.1	14656957	100	8669893	8671077	1185	1000	609
2R	NW_023496807.1	14656957	101	8671078	8672591	1514	1000	581
2R	NW_023496807.1	14656957	102	8672592	8673717	1126	1000	692
2R	NW_023496807.1	14656957	103	8673718	8674838	1121	1000	703
2R	NW_023496807.1	14656957	104	8674839	8676000	1162	1000	687
2R	NW_023496807.1	14656957	105	8676001	8677069	1069	1000	609
2R	NW_023496807.1	14656957	106	8677070	8679174	2105	1000	592
2R	NW_023496807.1	14656957	107	8679175	8680482	1308	1000	682
2R	NW_023496807.1	14656957	108	8680483	8681832	1350	1000	588
2R	NW_023496807.1	14656957	109	8681833	8683110	1278	1000	616
2R	NW_023496807.1	14656957	110	8683111	8684366	1256	1000	679
2R	NW_023496807.1	14656957	111	8684367	8687580	3214	1000	598
2R	NW_023496807.1	14656957	112	8687581	8689063	1483	1000	623
2R	NW_023496807.1	14656957	113	8689064	8690294	1231	1000	587
2R	NW_023496807.1	14656957	114	8690295	8691504	1210	1000	613
2R	NW_023496807.1	14656957	115	8691505	8693017	1513	1000	711
2R	NW_023496807.1	14656957	116	8693018	8694374	1357	1000	681
2R	NW_023496807.1	14656957	117	8694375	8695573	1199	1000	704
2R	NW_023496807.1	14656957	118	8695574	8697503	1930	1000	583
2R	NW_023496807.1	14656957	119	8697504	8698929	1426	1000	728
2R	NW_023496807.1	14656957	120	8698930	8701437	2508	1000	556
2R	NW_023496807.1	14656957	121	8701438	8702533	1096	1000	710
2R	NW_023496807.1	14656957	122	8702534	8703650	1117	1000	596
2R	NW_023496807.1	14656957	123	8703651	8704864	1214	1000	685
2R	NW_023496807.1	14656957	124	8704865	8706154	1290	1000	712
2R	NW_023496807.1	14656957	125	8706155	8707309	1155	1000	677
2R	NW_023496807.1	14656957	126	8707310	8709032	1723	1000	551
2R	NW_023496807.1	14656957	127	8709033	8710165	1133	1000	686
2R	NW_023496807.1	14656957	128	8710166	8711260	1095	1000	550
2R	NW_023496807.1	14656957	129	8711261	8712590	1330	1000	656
2R	NW_023496807.1	14656957	130	8712591	8713708	1118	1000	639
2R	NW_023496807.1	14656957	131	8713709	8714950	1242	1000	708
2R	NW_023496807.1	14656957	132	8714951	8716150	1200	1000	714
2R	NW_023496807.1	14656957	133	8716151	8717694	1544	1000	690
2R	NW_023496807.1	14656957	134	8717695	8718894	1200	1000	649
2R	NW_023496807.1	14656957	135	8718895	8720081	1187	1000	685
2R	NW_023496807.1	14656957	136	8720082	8721286	1205	1000	679
2R	NW_023496807.1	14656957	137	8721287	8722544	1258	1000	672
2R	NW_023496807.1	14656957	138	8722545	8723676	1132	1000	574
2R	NW_023496807.1	14656957	139	8723677	8724865	1189	1000	702
2R	NW_023496807.1	14656957	140	8724866	8725891	1026	1000	716
2R	NW_023496807.1	14656957	141	8725892	8727144	1253	1000	720
2R	NW_023496807.1	14656957	142	8727145	8728210	1066	1000	628
2R	NW_023496807.1	14656957	143	8728211	8729472	1262	1000	711
2R	NW_023496807.1	14656957	144	8729473	8730727	1255	1000	739
2R	NW_023496807.1	14656957	145	8730728	8731970	1243	1000	652
2R	NW_023496807.1	14656957	146	8731971	8733348	1378	1000	686
2R	NW_023496807.1	14656957	147	8733349	8734631	1283	1000	746
2R	NW_023496807.1	14656957	148	8734632	8736468	1837	1000	723
2R	NW_023496807.1	14656957	149	8736469	8737635	1167	1000	603
2R	NW_023496807.1	14656957	150	8737636	8738675	1040	1000	683
2R	NW_023496807.1	14656957	151	8738676	8739836	1161	1000	681
2R	NW_023496807.1	14656957	152	8739837	8740956	1120	1000	667
2R	NW_023496807.1	14656957	153	8740957	8742579	1623	1000	648
2R	NW_023496807.1	14656957	154	8742580	8744036	1457	1000	621
2R	NW_023496807.1	14656957	155	8744037	8745345	1309	1000	672
2R	NW_023496807.1	14656957	156	8745346	8746504	1159	1000	638
2R	NW_023496807.1	14656957	157	8746505	8747629	1125	1000	648
2R	NW_023496807.1	14656957	158	8747630	8748907	1278	1000	713
2R	NW_023496807.1	14656957	159	8748908	8750171	1264	1000	638
2R	NW_023496807.1	14656957	160	8750172	8751272	1101	1000	626
2R	NW_023496807.1	14656957	161	8751273	8752432	1160	1000	724
2R	NW_023496807.1	14656957	162	8752433	8753807	1375	1000	617
2R	NW_023496807.1	14656957	163	8753808	8755203	1396	1000	709
2R	NW_023496807.1	14656957	164	8755204	8756327	1124	1000	743
2R	NW_023496807.1	14656957	165	8756328	8758210	1883	1000	701
2R	NW_023496807.1	14656957	166	8758211	8759542	1332	1000	645
2R	NW_023496807.1	14656957	167	8759543	8760679	1137	1000	767
2R	NW_023496807.1	14656957	168	8760680	8761862	1183	1000	679
2R	NW_023496807.1	14656957	169	8761863	8763302	1440	1000	628
2R	NW_023496807.1	14656957	170	8763303	8764423	1121	1000	710
2R	NW_023496807.1	14656957	171	8764424	8765550	1127	1000	578
2R	NW_023496807.1	14656957	172	8765551	8766930	1380	1000	681
2R	NW_023496807.1	14656957	173	8766931	8768275	1345	1000	792
2R	NW_023496807.1	14656957	174	8768276	8769637	1362	1000	702
2R	NW_023496807.1	14656957	175	8769638	8770929	1292	1000	762
2R	NW_023496807.1	14656957	176	8770930	8772665	1736	1000	683
2R	NW_023496807.1	14656957	177	8772666	8778793	6128	1000	640
2R	NW_023496807.1	14656957	178	8778794	8779913	1120	1000	659
2R	NW_023496807.1	14656957	179	8779914	8780945	1032	1000	652
2R	NW_023496807.1	14656957	180	8780946	8781945	1000	1000	619
2R	NW_023496807.1	14656957	181	8781946	8782954	1009	1000	632
2R	NW_023496807.1	14656957	182	8782955	8785416	2462	1000	817
2R	NW_023496807.1	14656957	183	8785417	8786772	1356	1000	712
2R	NW_023496807.1	14656957	184	8786773	8787794	1022	1000	611
2R	NW_023496807.1	14656957	185	8787795	8788974	1180	1000	625
2R	NW_023496807.1	14656957	186	8788975	8790378	1404	1000	725
2R	NW_023496807.1	14656957	187	8790379	8792144	1766	1000	777
2R	NW_023496807.1	14656957	188	8792145	8793281	1137	1000	601
2R	NW_023496807.1	14656957	189	8793282	8794470	1189	1000	675
2R	NW_023496807.1	14656957	190	8794471	8795470	1000	1000	609
2R	NW_023496807.1	14656957	191	8795471	8796795	1325	1000	710
2R	NW_023496807.1	14656957	192	8796796	8798294	1499	1000	703
2R	NW_023496807.1	14656957	193	8798295	8799536	1242	1000	728
2R	NW_023496807.1	14656957	194	8799537	8801257	1721	1000	607
2R	NW_023496807.1	14656957	195	8801258	8802378	1121	1000	696
2R	NW_023496807.1	14656957	196	8802379	8804118	1740	1000	724
2R	NW_023496807.1	14656957	197	8804119	8805244	1126	1000	695
2R	NW_023496807.1	14656957	198	8805245	8806283	1039	1000	664
2R	NW_023496807.1	14656957	199	8806284	8807298	1015	1000	585
2R	NW_023496807.1	14656957	200	8807299	8808331	1033	1000	674
2R	NW_023496807.1	14656957	201	8808332	8810140	1809	1000	774
2R	NW_023496807.1	14656957	202	8810141	8811409	1269	1000	665
2R	NW_023496807.1	14656957	203	8811410	8812515	1106	1000	670
2R	NW_023496807.1	14656957	204	8812516	8814231	1716	1000	707
2R	NW_023496807.1	14656957	205	8814232	8815314	1083	1000	655
2R	NW_023496807.1	14656957	206	8815315	8816543	1229	1000	690
2R	NW_023496807.1	14656957	207	8816544	8817775	1232	1000	721
2R	NW_023496807.1	14656957	208	8817776	8818871	1096	1000	679
2R	NW_023496807.1	14656957	209	8818872	8820159	1288	1000	676
2R	NW_023496807.1	14656957	210	8820160	8821546	1387	1000	707
2R	NW_023496807.1	14656957	211	8821547	8822801	1255	1000	710
2R	NW_023496807.1	14656957	212	8822802	8823851	1050	1000	703
2R	NW_023496807.1	14656957	213	8823852	8824870	1019	1000	711
2R	NW_023496807.1	14656957	214	8824871	8825899	1029	1000	646
2R	NW_023496807.1	14656957	215	8825900	8826934	1035	1000	622
2R	NW_023496807.1	14656957	216	8826935	8828117	1183	1000	705
2R	NW_023496807.1	14656957	217	8828118	8829284	1167	1000	681
2R	NW_023496807.1	14656957	218	8829285	8830311	1027	1000	621
2R	NW_023496807.1	14656957	219	8830312	8832000	1689	1000	604
2R	NW_023496807.1	14656957	220	8832001	8833142	1142	1000	653
2R	NW_023496807.1	14656957	221	8833143	8834218	1076	1000	710
2R	NW_023496807.1	14656957	222	8834219	8835530	1312	1000	752
2R	NW_023496807.1	14656957	223	8835531	8836635	1105	1000	670
2R	NW_023496807.1	14656957	224	8836636	8837773	1138	1000	706
2R	NW_023496807.1	14656957	225	8837774	8839038	1265	1000	625
2R	NW_023496807.1	14656957	226	8839039	8840196	1158	1000	635
2R	NW_023496807.1	14656957	227	8840197	8841497	1301	1000	594
2R	NW_023496807.1	14656957	228	8841498	8842696	1199	1000	740
2R	NW_023496807.1	14656957	229	8842697	8843789	1093	1000	625
2R	NW_023496807.1	14656957	230	8843790	8846270	2481	1000	677
2R	NW_023496807.1	14656957	231	8846271	8847347	1077	1000	589
2R	NW_023496807.1	14656957	232	8847348	8848403	1056	1000	553
2R	NW_023496807.1	14656957	233	8848404	8849643	1240	1000	667
2R	NW_023496807.1	14656957	234	8849644	8850729	1086	1000	706
2R	NW_023496807.1	14656957	235	8850730	8852378	1649	1000	743
2R	NW_023496807.1	14656957	236	8852379	8853577	1199	1000	710
2R	NW_023496807.1	14656957	237	8853578	8854859	1282	1000	689
2R	NW_023496807.1	14656957	238	8854860	8856143	1284	1000	645
2R	NW_023496807.1	14656957	239	8856144	8857229	1086	1000	649
2R	NW_023496807.1	14656957	240	8857230	8858533	1304	1000	633
2R	NW_023496807.1	14656957	241	8858534	8859642	1109	1000	714
2R	NW_023496807.1	14656957	242	8859643	8861139	1497	1000	690
2R	NW_023496807.1	14656957	243	8861140	8862678	1539	1000	696
2R	NW_023496807.1	14656957	244	8862679	8863700	1022	1000	621
2R	NW_023496807.1	14656957	245	8863701	8864701	1001	1000	559
2R	NW_023496807.1	14656957	246	8864702	8865910	1209	1000	619
2R	NW_023496807.1	14656957	247	8865911	8866936	1026	1000	543
2R	NW_023496807.1	14656957	248	8866937	8868664	1728	1000	643
